0.03423738479614258
0.012654304504394531
0.020465612411499023
0.010906696319580078
0.019564151763916016
0.021314144134521484
0.008284568786621094
0.027515411376953125
0.02814626693725586
0.02630472183227539
0.025547266006469727
0.04390358924865723
0.025335311889648438
0.023256778717041016
0.015369892120361328
0.026267528533935547
0.042914628982543945
0.011967897415161133
0.033223628997802734
0.03493857383728027
0.04631853103637695
0.014474868774414062
0.014950275421142578
0.017582178115844727
0.012839317321777344
0.011623382568359375
0.021260499954223633
0.03991889953613281
0.010026693344116211
0.014423370361328125
0.026838064193725586
0.05095982551574707
0.02345132827758789
0.032444000244140625
0.04291081428527832
0.015708208084106445
0.02018141746520996
0.010359048843383789
0.037450551986694336
0.012136697769165039
0.011280298233032227
0.023331880569458008
0.027851343154907227
0.024721145629882812
0.05147886276245117
0.011173725128173828
0.024807453155517578
0.03678250312805176
0.024983882904052734
0.013307571411132812
0.03146529197692871
0.06766796112060547
0.020194053649902344
0.016744613647460938
0.01467275619506836
0.04123330116271973
0.01018214225769043
0.05815625190734863
0.011718511581420898
0.01044464111328125
0.014376640319824219
0.011859655380249023
0.02713751792907715
0.01853466033935547
0.03646516799926758
0.01091766357421875
0.008278369903564453
0.02392864227294922
0.02732062339782715
0.018967866897583008
0.04320812225341797
0.02637171745300293
0.013443946838378906
0.012322664260864258
0.008979558944702148
0.022351741790771484
0.04722142219543457
0.011282205581665039
0.008532524108886719
0.01596856117248535
0.01096963882446289
0.03171658515930176
0.13692092895507812
0.023936986923217773
0.021788358688354492
0.041356801986694336
0.02556300163269043
0.01163339614868164
0.0343630313873291
0.11056709289550781
0.017164945602416992
0.011861085891723633
0.016965389251708984
0.06364083290100098
0.01913905143737793
0.010956764221191406
0.0333399772644043
0.02089834213256836
0.01635289192199707
0.0171964168548584
0.012225627899169922
0.03314852714538574
0.00839686393737793
0.2246415615081787
0.012193918228149414
0.013497352600097656
0.012369871139526367
0.012477636337280273
0.008869409561157227
0.010117769241333008
0.018538475036621094
0.0664529800415039
0.011017322540283203
0.01291513442993164
0.008928298950195312
0.0075473785400390625
0.024896860122680664
0.018906116485595703
0.02144002914428711
0.019095659255981445
0.02068781852722168
0.019583940505981445
0.03440093994140625
0.031755924224853516
0.0219881534576416
0.024738073348999023
0.02110433578491211
0.019899606704711914
0.018765687942504883
0.028847455978393555
0.024255752563476562
0.013351678848266602
0.0232086181640625
0.02277350425720215
0.021709918975830078
0.020203590393066406
0.030931472778320312
0.020142316818237305
0.019549846649169922
0.019979000091552734
0.019418954849243164
0.02554798126220703
0.023949146270751953
0.019269227981567383
0.021909475326538086
0.026561737060546875
0.03140449523925781
0.021452903747558594
0.020594358444213867
0.020131826400756836
0.022048234939575195
0.021704435348510742
0.0204465389251709
0.01970362663269043
0.019181489944458008
0.02657604217529297
0.023519277572631836
0.023567914962768555
0.018714427947998047
0.02007913589477539
0.023435115814208984
0.020647525787353516
0.026294708251953125
0.013860940933227539
0.0328221321105957
0.022908926010131836
0.025942087173461914
0.02454543113708496
0.019085168838500977
0.018543004989624023
0.017076969146728516
0.020255565643310547
0.01820063591003418
0.01678466796875
0.0197751522064209
0.017482757568359375
0.02950429916381836
0.020768165588378906
0.028716325759887695
0.03162813186645508
0.008212566375732422
0.01598191261291504
0.015958786010742188
0.022362947463989258
0.019799470901489258
0.02184128761291504
0.023202896118164062
0.024981021881103516
0.017566442489624023
0.017525672912597656
0.018938541412353516
0.015813350677490234
0.01700425148010254
0.012298107147216797
0.02008366584777832
0.020588397979736328
0.022193193435668945
0.013640165328979492
0.03333878517150879
0.009523391723632812
0.03324460983276367
0.02524733543395996
0.012233972549438477
0.01519322395324707
0.02064228057861328
0.018515348434448242
0.01845717430114746
0.028565168380737305
0.03578519821166992
0.01613593101501465
0.026042699813842773
0.015283823013305664
0.03358745574951172
0.01895427703857422
0.01612544059753418
0.013761043548583984
0.03637862205505371
0.01762247085571289
0.028479576110839844
0.03876090049743652
0.018642663955688477
0.020305156707763672
0.024344205856323242
0.01586174964904785
0.018421411514282227
0.01987767219543457
0.023186922073364258
0.010100364685058594
0.024147510528564453
0.015249490737915039
0.0191800594329834
0.02457427978515625
0.021924495697021484
0.015662670135498047
0.0217282772064209
0.019919395446777344
0.020768404006958008
0.013658523559570312
0.020419836044311523
0.018409013748168945
0.023909568786621094
0.019524574279785156
0.012102842330932617
0.03674030303955078
0.01569652557373047
0.016108036041259766
0.04943132400512695
0.018085718154907227
0.013766765594482422
0.02343893051147461
0.011995315551757812
0.025631189346313477
0.026300430297851562
0.029596805572509766
0.02302694320678711
0.028353452682495117
0.017549514770507812
0.008240699768066406
0.02905726432800293
0.01742720603942871
0.015137195587158203
0.008327960968017578
0.027790307998657227
0.01890707015991211
0.015909194946289062
0.02057957649230957
0.01630711555480957
0.028555870056152344
0.02084946632385254
0.020475387573242188
0.031883955001831055
0.017339468002319336
0.0239260196685791
0.009649276733398438
0.021709918975830078
0.0075418949127197266
0.02558422088623047
0.018625497817993164
0.03090047836303711
0.020377397537231445
0.02412581443786621
0.011226654052734375
0.025166749954223633
0.016019582748413086
0.017931461334228516
0.026197195053100586
0.022246837615966797
0.011824607849121094
0.01610255241394043
0.018845319747924805
0.017928361892700195
0.027853965759277344
0.0242307186126709
0.015959501266479492
0.015737295150756836
0.02207350730895996
0.017322301864624023
0.027243614196777344
0.018384218215942383
0.018252849578857422
0.017121315002441406
0.020694971084594727
0.028628826141357422
0.03740382194519043
0.01613306999206543
0.0106353759765625
0.019231319427490234
0.024194955825805664
0.025108814239501953
0.024408340454101562
0.0283355712890625
0.026393651962280273
0.029831886291503906
0.027817726135253906
0.009694576263427734
0.020641565322875977
0.01958322525024414
0.0224759578704834
0.015609264373779297
0.02021646499633789
0.019832372665405273
0.010218143463134766
0.036577463150024414
0.02809762954711914
0.025850772857666016
0.024169445037841797
0.02466893196105957
0.025017261505126953
0.021821022033691406
0.024105072021484375
0.027242183685302734
0.024035215377807617
0.026309967041015625
0.024238109588623047
