-132.0, 0.6098053956960993
-133.0, 0.611294893089613
-133.0, 0.6111706294696729
-133.0, 0.6090001005517768
-133.0, 0.6099293817357981
-133.0, 0.6085669206630807
-133.0, 0.6069606626730465
-132.0, 0.6099913842086738
-131.0, 0.6059127100179863
-130.0, 0.6055432765263413
-124.0, 0.612289912033806
-120.0, 0.6070223633602915
-115.0, 0.6101154080636811
-110.0, 0.6083813664744373
-106.0, 0.609495540852269
-102.0, 0.6101774294470943
-98.0, 0.6077632610207355
-95.0, 0.6075161947107892
-94.0, 0.6034540707399627
-93.0, 0.6052971126786073
-93.0, 0.605789540484647
-92.0, 0.6046206779602825
-92.0, 0.6042520322387347
-91.0, 0.6055432765263413
-89.0, 0.6062207434252117
-86.0, 0.6033314009971832
-81.0, 0.5972296022383095
-77.0, 0.5961378503289091
-73.0, 0.5919712578755827
-68.0, 0.5963802892633481
-65.0, 0.5921518070385062
-62.0, 0.5896291222096173
-60.0, 0.5896890610562302
-58.0, 0.5895691894554785
-56.0, 0.5841407317488987
-54.0, 0.5863418509129992
-54.0, 0.5858652315395395
-53.0, 0.5843782916630855
-51.0, 0.5828951256753643
-50.0, 0.5804118761557374
-49.0, 0.5744250817727168
-48.0, 0.5700624594566753
-46.0, 0.5678647265186385
-45.0, 0.5606379505907075
-45.0, 0.555927773935934
-44.0, 0.5544040942279825
-44.0, 0.5544040942279825
-43.0, 0.5469592939921422
-43.0, 0.5420884515245235
-43.0, 0.5404378707936929
-42.0, 0.5373702216844036
-41.0, 0.5343743016410031
-40.0, 0.5292926184101666
-40.0, 0.5294540508073045
-39.0, 0.5242059716838395
-39.0, 0.521283444319902
-38.0, 0.5156968190497935
-37.0, 0.5144402584658572
-37.0, 0.512040402377383
-36.0, 0.5076869070255908
-35.0, 0.505010455398039
-35.0, 0.5011240788613667
-35.0, 0.4982795838375356
-34.0, 0.4947969531800146
-33.0, 0.48706214990727376
-33.0, 0.4854310615102164
-32.0, 0.4848885801130961
-31.0, 0.47983830512118275
-31.0, 0.4775027804422474
-31.0, 0.4783772670597372
-29.0, 0.47003832447668314
-29.0, 0.4702772821750796
-29.0, 0.47003832447668314
-30.0, 0.4656157777762378
-30.0, 0.46236144459681994
-30.0, 0.4617977999434627
-28.0, 0.4561526365674146
-28.0, 0.45773187312243513
-27.0, 0.4566165514672874
-27.0, 0.4538401224466029
-27.0, 0.4508513718816577
-28.0, 0.4496156842278919
-28.0, 0.44583825657205994
-27.0, 0.4453400211283649
-26.0, 0.43904726956247997
-26.0, 0.4365107631488518
-25.0, 0.432623499167652
-24.0, 0.4316132284991069
-23.0, 0.42964343029798696
-23.0, 0.4259471948433917
-23.0, 0.42348637145035734
-22.0, 0.4247797642384288
-22.0, 0.4219394974642132
-22.0, 0.4215108138803846
-22.0, 0.42035554245142803
-22.0, 0.418990431363269
-21.0, 0.4143737037870563
-21.0, 0.4111012493001427
-21.0, 0.40876774447119496
-21.0, 0.4079790327722457
-20.0, 0.4043869565606037
-19.0, 0.3994436016177977
-18.0, 0.3937593487911103
-18.0, 0.3911662583657693
-16.0, 0.388787795850231
-16.0, 0.3856781960717038
-16.0, 0.3853646900514828
-16.0, 0.3823601948598713
-16.0, 0.38177763539439546
-16.0, 0.38069256478501995
-15.0, 0.38212706447736305
-14.0, 0.3800352770750205
-14.0, 0.3785316666126533
-13.0, 0.3754659292823459
-13.0, 0.3694087419745323
-13.0, 0.36608182823303526
-12.0, 0.36619348191008405
-12.0, 0.3624899801037243
-12.0, 0.36112919775336283
-13.0, 0.36032250686603357
-11.0, 0.359700389238039
-10.0, 0.3620848884512927
-10.0, 0.358277233806947
-10.0, 0.3574769136405144
-10.0, 0.3551588601710034
-10.0, 0.35497839654452534
-10.0, 0.35429347064707933
-9.0, 0.3533583447000039
-9.0, 0.3535020494161479
-9.0, 0.35285583808305154
-9.0, 0.3540774529406274
-9.0, 0.35393351431296777
-9.0, 0.35371771607694974
-9.0, 0.35364581257451
-9.0, 0.35364581257451
-9.0, 0.35364581257451
-9.0, 0.35321469840232017
-9.0, 0.35281997211002936
-10.0, 0.3531428971529793
-9.0, 0.35188873533063303
-9.0, 0.3516384379611157
-9.0, 0.34967800062795723
-9.0, 0.34982020861193647
-9.0, 0.3479052709551126
-9.0, 0.34726929068482426
-9.0, 0.34822369772640277
-9.0, 0.34726929068482426
-9.0, 0.34726929068482426
-9.0, 0.34719869801401615
-9.0, 0.3483653142705907
-9.0, 0.34564928465326805
-8.0, 0.3463174994698164
-7.0, 0.3435475853131841
-7.0, 0.3439669003459956
-7.0, 0.3429195710104271
-7.0, 0.34236229991582984
-7.0, 0.3418059344303
-7.0, 0.3416669843878186
-7.0, 0.34184068076948765
-7.0, 0.3416322557039709
-7.0, 0.34170171660201654
-7.0, 0.34177119162289826
-7.0, 0.34177119162289826
-7.0, 0.342084004063968
-7.0, 0.34222312370112595
-7.0, 0.342084004063968
-7.0, 0.34236229991582984
-7.0, 0.34236229991582984
-6.0, 0.34007311303109605
-6.0, 0.33969307279035366
-6.0, 0.3381427801683175
-6.0, 0.3388309237012878
-6.0, 0.3362234043168944
-5.0, 0.33519965280390984
-5.0, 0.33742173354751703
-4.0, 0.3303288696212374
-3.0, 0.3320120398341152
-3.0, 0.3326877068939482
-3.0, 0.32959098054828795
-2.0, 0.32652307917530077
-2.0, 0.3237139912272916
-2.0, 0.32164756671489975
-2.0, 0.32076599919211596
-2.0, 0.32151681139863064
-1.0, 0.322072888851011
-1.0, 0.3219419606339145
-1.0, 0.3216148729014344
-1.0, 0.32154949524363763
-1.0, 0.3219419606339145
-1.0, 0.3220074180880361
-1.0, 0.3226627250628455
-1.0, 0.3231222332723988
-1.0, 0.3223349050455702
-1.0, 0.32285957708278284
-1.0, 0.32305654919938676
-1.0, 0.32331936563187386
-1.0, 0.3231222332723988
-1.0, 0.32354950539475336
-1.0, 0.3248016969324298
-1.0, 0.3249668193530763
-1.0, 0.3244057453624692
-1.0, 0.32374689842697996
-1.0, 0.32368108737245016
-1.0, 0.32374689842697996
-1.0, 0.3247356714591602
0.0, 0.3226627250628455
-1.0, 0.32164756671489975
0.0, 0.3206030112958342
0.0, 0.3207333949854349
0.0, 0.31855644568779046
0.0, 0.3194644125582181
0.0, 0.3187507925240587
0.0, 0.3183622173475185
0.0, 0.3181681074309944
0.0, 0.317134851609459
0.0, 0.31752192873179436
0.0, 0.31829750088738284
0.0, 0.3183622173475185
0.0, 0.31855644568779046
0.0, 0.3183622173475185
0.0, 0.3188480104007813
1.0, 0.3193345447319902
1.0, 0.3191398419737997
1.0, 0.3194644125582181
1.0, 0.3196918083531186
1.0, 0.31952936627561285
1.0, 0.3208964491660699
1.0, 0.3224332160640745
1.0, 0.3202447293825432
2.0, 0.3190425351166069
2.0, 0.31832985747284365
2.0, 0.3175542064763386
2.0, 0.31781254658389624
2.0, 0.317134851609459
2.0, 0.3157837938750104
2.0, 0.317134851609459
2.0, 0.31742511518202393
2.0, 0.31742511518202393
2.0, 0.3175542064763386
2.0, 0.31787716444279956
3.0, 0.3181034304293936
3.0, 0.31930208602525995
3.0, 0.3204075351357593
3.0, 0.3209943214605627
3.0, 0.3208964491660699
4.0, 0.31881560114775226
4.0, 0.31678044545167955
4.0, 0.3162335057086322
4.0, 0.31485428132313187
4.0, 0.3157516960837608
4.0, 0.315527102878536
4.0, 0.3155912560595011
4.0, 0.3161692219715849
4.0, 0.3161370850035605
5.0, 0.3179741158660133
5.0, 0.31742511518202393
4.0, 0.31723157662985524
4.0, 0.31768335026984584
4.0, 0.3173605892153941
5.0, 0.3187507925240587
4.0, 0.3181681074309944
5.0, 0.31855644568779046
5.0, 0.3189452579286162
5.0, 0.3162978025158918
6.0, 0.3134492085709549
6.0, 0.3144704562132999
7.0, 0.3131625806932418
8.0, 0.3097434216954639
8.0, 0.3099954074895241
8.0, 0.30682907476613835
8.0, 0.30682907476613835
8.0, 0.30682907476613835
8.0, 0.30682907476613835
8.0, 0.30682907476613835
8.0, 0.30682907476613835
8.0, 0.30682907476613835
8.0, 0.30682907476613835
8.0, 0.30682907476613835
8.0, 0.30682907476613835
8.0, 0.30682907476613835
8.0, 0.30682907476613835
8.0, 0.30682907476613835
8.0, 0.30682907476613835
8.0, 0.30682907476613835
8.0, 0.30682907476613835
8.0, 0.30682907476613835
8.0, 0.30682907476613835
8.0, 0.30682907476613835
8.0, 0.30682907476613835
8.0, 0.30682907476613835
8.0, 0.30682907476613835
8.0, 0.30682907476613835
8.0, 0.30682907476613835
8.0, 0.30682907476613835
8.0, 0.30682907476613835
8.0, 0.30682907476613835
8.0, 0.30682907476613835
8.0, 0.30682907476613835
8.0, 0.30682907476613835
8.0, 0.30682907476613835
8.0, 0.30682907476613835
8.0, 0.30682907476613835
8.0, 0.30682907476613835
8.0, 0.30682907476613835
8.0, 0.30682907476613835
8.0, 0.30682907476613835
8.0, 0.30682907476613835
8.0, 0.30682907476613835
8.0, 0.30682907476613835
8.0, 0.30682907476613835
8.0, 0.30682907476613835
8.0, 0.30682907476613835
8.0, 0.30682907476613835
8.0, 0.30682907476613835
8.0, 0.30682907476613835
8.0, 0.30682907476613835
8.0, 0.30682907476613835
8.0, 0.30682907476613835
8.0, 0.30682907476613835
8.0, 0.30682907476613835
8.0, 0.30682907476613835
8.0, 0.30682907476613835
8.0, 0.30682907476613835
8.0, 0.30682907476613835
8.0, 0.30682907476613835
8.0, 0.30682907476613835
8.0, 0.30682907476613835
8.0, 0.30682907476613835
8.0, 0.30682907476613835
8.0, 0.30682907476613835
8.0, 0.30682907476613835
8.0, 0.30682907476613835
8.0, 0.30682907476613835
8.0, 0.30682907476613835
8.0, 0.30682907476613835
8.0, 0.30682907476613835
8.0, 0.30682907476613835
8.0, 0.30682907476613835
8.0, 0.30682907476613835
8.0, 0.30682907476613835
8.0, 0.30682907476613835
8.0, 0.30682907476613835
8.0, 0.30682907476613835
8.0, 0.30682907476613835
8.0, 0.30682907476613835
8.0, 0.30682907476613835
8.0, 0.30682907476613835
8.0, 0.30682907476613835
8.0, 0.30682907476613835
8.0, 0.30682907476613835
8.0, 0.30682907476613835
8.0, 0.30682907476613835
8.0, 0.30682907476613835
8.0, 0.30682907476613835
8.0, 0.30682907476613835
8.0, 0.30682907476613835
8.0, 0.30682907476613835
8.0, 0.30682907476613835
8.0, 0.30682907476613835
8.0, 0.30682907476613835
8.0, 0.30682907476613835
8.0, 0.30682907476613835
8.0, 0.30682907476613835
8.0, 0.30682907476613835
8.0, 0.30682907476613835
8.0, 0.30682907476613835
8.0, 0.30682907476613835
8.0, 0.30682907476613835
8.0, 0.30682907476613835
8.0, 0.30682907476613835
8.0, 0.30682907476613835
8.0, 0.30682907476613835
8.0, 0.30682907476613835
8.0, 0.30682907476613835
8.0, 0.30682907476613835
8.0, 0.30682907476613835
8.0, 0.30682907476613835
8.0, 0.30682907476613835
8.0, 0.30682907476613835
8.0, 0.30682907476613835
8.0, 0.30682907476613835
8.0, 0.30682907476613835
8.0, 0.30682907476613835
8.0, 0.30682907476613835
8.0, 0.30682907476613835
8.0, 0.30682907476613835
8.0, 0.30682907476613835
8.0, 0.30682907476613835
8.0, 0.30682907476613835
8.0, 0.30682907476613835
8.0, 0.30682907476613835
8.0, 0.30682907476613835
8.0, 0.30682907476613835
8.0, 0.30682907476613835
8.0, 0.30682907476613835
8.0, 0.30682907476613835
8.0, 0.30682907476613835
8.0, 0.30682907476613835
8.0, 0.30682907476613835
8.0, 0.30682907476613835
8.0, 0.30682907476613835
8.0, 0.30682907476613835
8.0, 0.30682907476613835
8.0, 0.30682907476613835
8.0, 0.30682907476613835
8.0, 0.30682907476613835
8.0, 0.30682907476613835
8.0, 0.30682907476613835
8.0, 0.30682907476613835
8.0, 0.30682907476613835
8.0, 0.30682907476613835
8.0, 0.30682907476613835
8.0, 0.30682907476613835
8.0, 0.30682907476613835
8.0, 0.30682907476613835
8.0, 0.30682907476613835
8.0, 0.30682907476613835
8.0, 0.30682907476613835
8.0, 0.30682907476613835
8.0, 0.30682907476613835
8.0, 0.30682907476613835
8.0, 0.30682907476613835
8.0, 0.30682907476613835
8.0, 0.30682907476613835
8.0, 0.30682907476613835
8.0, 0.30682907476613835
8.0, 0.30682907476613835
8.0, 0.30682907476613835
8.0, 0.30682907476613835
8.0, 0.30682907476613835
8.0, 0.30682907476613835
8.0, 0.30682907476613835
8.0, 0.30682907476613835
8.0, 0.30682907476613835
8.0, 0.30682907476613835
8.0, 0.30682907476613835
8.0, 0.30682907476613835
8.0, 0.30682907476613835
8.0, 0.30682907476613835
8.0, 0.30682907476613835
8.0, 0.30682907476613835
8.0, 0.30682907476613835
8.0, 0.30682907476613835
8.0, 0.30682907476613835
8.0, 0.30682907476613835
8.0, 0.30682907476613835
8.0, 0.30682907476613835
8.0, 0.30682907476613835
8.0, 0.30682907476613835
8.0, 0.30682907476613835
8.0, 0.30682907476613835
8.0, 0.30682907476613835
8.0, 0.30682907476613835
8.0, 0.30682907476613835
8.0, 0.30682907476613835
8.0, 0.30682907476613835
8.0, 0.30682907476613835
8.0, 0.30682907476613835
8.0, 0.30682907476613835
8.0, 0.30682907476613835
8.0, 0.30682907476613835
8.0, 0.30682907476613835
8.0, 0.30682907476613835
8.0, 0.30682907476613835
8.0, 0.30682907476613835
8.0, 0.30682907476613835
8.0, 0.30682907476613835
8.0, 0.30682907476613835
8.0, 0.30682907476613835
8.0, 0.30682907476613835
8.0, 0.30682907476613835
8.0, 0.30682907476613835
8.0, 0.30682907476613835
8.0, 0.30682907476613835
8.0, 0.30682907476613835
8.0, 0.30682907476613835
8.0, 0.30682907476613835
8.0, 0.30682907476613835
8.0, 0.30682907476613835
8.0, 0.30682907476613835
8.0, 0.30682907476613835
8.0, 0.30682907476613835
8.0, 0.30682907476613835
8.0, 0.30682907476613835
8.0, 0.30682907476613835
8.0, 0.30682907476613835
8.0, 0.30682907476613835
8.0, 0.30682907476613835
8.0, 0.30682907476613835
8.0, 0.30682907476613835
8.0, 0.30682907476613835
8.0, 0.30682907476613835
8.0, 0.30682907476613835
8.0, 0.30682907476613835
8.0, 0.30682907476613835
8.0, 0.30682907476613835
8.0, 0.30682907476613835
8.0, 0.30682907476613835
8.0, 0.30682907476613835
8.0, 0.30682907476613835
8.0, 0.30682907476613835
8.0, 0.30682907476613835
8.0, 0.30682907476613835
8.0, 0.30682907476613835
8.0, 0.30682907476613835
8.0, 0.30682907476613835
8.0, 0.30682907476613835
8.0, 0.30682907476613835
8.0, 0.30682907476613835
8.0, 0.30682907476613835
8.0, 0.30682907476613835
8.0, 0.30682907476613835
8.0, 0.30682907476613835
8.0, 0.30682907476613835
8.0, 0.30682907476613835
8.0, 0.30682907476613835
8.0, 0.30682907476613835
8.0, 0.30682907476613835
8.0, 0.30682907476613835
8.0, 0.30682907476613835
8.0, 0.30682907476613835
8.0, 0.30682907476613835
8.0, 0.30682907476613835
8.0, 0.30682907476613835
8.0, 0.30682907476613835
8.0, 0.30682907476613835
8.0, 0.30682907476613835
8.0, 0.30682907476613835
8.0, 0.30682907476613835
8.0, 0.30682907476613835
8.0, 0.30682907476613835
8.0, 0.30682907476613835
8.0, 0.30682907476613835
8.0, 0.30682907476613835
8.0, 0.30682907476613835
8.0, 0.30682907476613835
8.0, 0.30682907476613835
8.0, 0.30682907476613835
8.0, 0.30682907476613835
8.0, 0.30682907476613835
8.0, 0.30682907476613835
8.0, 0.30682907476613835
8.0, 0.30682907476613835
8.0, 0.30682907476613835
8.0, 0.30682907476613835
8.0, 0.30682907476613835
8.0, 0.30682907476613835
8.0, 0.30682907476613835
8.0, 0.30682907476613835
8.0, 0.30682907476613835
8.0, 0.30682907476613835
8.0, 0.30682907476613835
8.0, 0.30682907476613835
8.0, 0.30682907476613835
8.0, 0.30682907476613835
8.0, 0.30682907476613835
8.0, 0.30682907476613835
8.0, 0.30682907476613835
8.0, 0.30682907476613835
8.0, 0.30682907476613835
8.0, 0.30682907476613835
8.0, 0.30682907476613835
8.0, 0.30682907476613835
8.0, 0.30682907476613835
8.0, 0.30682907476613835
8.0, 0.30682907476613835
8.0, 0.30682907476613835
8.0, 0.30682907476613835
8.0, 0.30682907476613835
8.0, 0.30682907476613835
8.0, 0.30682907476613835
8.0, 0.30682907476613835
8.0, 0.30682907476613835
8.0, 0.30682907476613835
8.0, 0.30682907476613835
8.0, 0.30682907476613835
8.0, 0.30682907476613835
8.0, 0.30682907476613835
8.0, 0.30682907476613835
8.0, 0.30682907476613835
8.0, 0.30682907476613835
8.0, 0.30682907476613835
8.0, 0.30682907476613835
8.0, 0.30682907476613835
8.0, 0.30682907476613835
8.0, 0.30682907476613835
8.0, 0.30682907476613835
8.0, 0.30682907476613835
8.0, 0.30682907476613835
8.0, 0.30682907476613835
8.0, 0.30682907476613835
8.0, 0.30682907476613835
8.0, 0.30682907476613835
8.0, 0.30682907476613835
8.0, 0.30682907476613835
8.0, 0.30682907476613835
8.0, 0.30682907476613835
8.0, 0.30682907476613835
8.0, 0.30682907476613835
8.0, 0.30682907476613835
8.0, 0.30682907476613835
8.0, 0.30682907476613835
8.0, 0.30682907476613835
8.0, 0.30682907476613835
8.0, 0.30682907476613835
8.0, 0.30682907476613835
8.0, 0.30682907476613835
8.0, 0.30682907476613835
8.0, 0.30682907476613835
8.0, 0.30682907476613835
8.0, 0.30682907476613835
8.0, 0.30682907476613835
8.0, 0.30682907476613835
8.0, 0.30682907476613835
8.0, 0.30682907476613835
8.0, 0.30682907476613835
8.0, 0.30682907476613835
8.0, 0.30682907476613835
8.0, 0.30682907476613835
8.0, 0.30682907476613835
8.0, 0.30682907476613835
8.0, 0.30682907476613835
8.0, 0.30682907476613835
8.0, 0.30682907476613835
8.0, 0.30682907476613835
8.0, 0.30682907476613835
8.0, 0.30682907476613835
8.0, 0.30682907476613835
8.0, 0.30682907476613835
8.0, 0.30682907476613835
8.0, 0.30682907476613835
8.0, 0.30682907476613835
8.0, 0.30682907476613835
8.0, 0.30682907476613835
8.0, 0.30682907476613835
8.0, 0.30682907476613835
8.0, 0.30682907476613835
8.0, 0.30682907476613835
8.0, 0.30682907476613835
8.0, 0.30682907476613835
8.0, 0.30682907476613835
8.0, 0.30682907476613835
8.0, 0.30682907476613835
8.0, 0.30682907476613835
8.0, 0.30682907476613835
8.0, 0.30682907476613835
8.0, 0.30682907476613835
8.0, 0.30682907476613835
8.0, 0.30682907476613835
8.0, 0.30682907476613835
8.0, 0.30682907476613835
8.0, 0.30682907476613835
8.0, 0.30682907476613835
8.0, 0.30682907476613835
8.0, 0.30682907476613835
8.0, 0.30682907476613835
8.0, 0.30682907476613835
8.0, 0.30682907476613835
8.0, 0.30682907476613835
8.0, 0.30682907476613835
8.0, 0.30682907476613835
8.0, 0.30682907476613835
8.0, 0.30682907476613835
8.0, 0.30682907476613835
8.0, 0.30682907476613835
8.0, 0.30682907476613835
8.0, 0.30682907476613835
8.0, 0.30682907476613835
8.0, 0.30682907476613835
8.0, 0.30682907476613835
8.0, 0.30682907476613835
8.0, 0.30682907476613835
8.0, 0.30682907476613835
8.0, 0.30682907476613835
8.0, 0.30682907476613835
8.0, 0.30682907476613835
8.0, 0.30682907476613835
8.0, 0.30682907476613835
8.0, 0.30682907476613835
8.0, 0.30682907476613835
8.0, 0.30682907476613835
8.0, 0.30682907476613835
8.0, 0.30682907476613835
8.0, 0.30682907476613835
8.0, 0.30682907476613835
8.0, 0.30682907476613835
8.0, 0.30682907476613835
8.0, 0.30682907476613835
8.0, 0.30682907476613835
8.0, 0.30682907476613835
8.0, 0.30682907476613835
8.0, 0.30682907476613835
8.0, 0.30682907476613835
8.0, 0.30682907476613835
8.0, 0.30682907476613835
8.0, 0.30682907476613835
8.0, 0.30682907476613835
8.0, 0.30682907476613835
8.0, 0.30682907476613835
8.0, 0.30682907476613835
8.0, 0.30682907476613835
8.0, 0.30682907476613835
8.0, 0.30682907476613835
8.0, 0.30682907476613835
8.0, 0.30682907476613835
8.0, 0.30682907476613835
8.0, 0.30682907476613835
8.0, 0.30682907476613835
8.0, 0.30682907476613835
8.0, 0.30682907476613835
8.0, 0.30682907476613835
8.0, 0.30682907476613835
8.0, 0.30682907476613835
8.0, 0.30682907476613835
8.0, 0.30682907476613835
8.0, 0.30682907476613835
8.0, 0.30682907476613835
8.0, 0.30682907476613835
8.0, 0.30682907476613835
8.0, 0.30682907476613835
8.0, 0.30682907476613835
8.0, 0.30682907476613835
8.0, 0.30682907476613835
8.0, 0.30682907476613835
8.0, 0.30682907476613835
8.0, 0.30682907476613835
8.0, 0.30682907476613835
8.0, 0.30682907476613835
8.0, 0.30682907476613835
8.0, 0.30682907476613835
8.0, 0.30682907476613835
8.0, 0.30682907476613835
8.0, 0.30682907476613835
8.0, 0.30682907476613835
8.0, 0.30682907476613835
8.0, 0.30682907476613835
8.0, 0.30682907476613835
8.0, 0.30682907476613835
8.0, 0.30682907476613835
8.0, 0.30682907476613835
8.0, 0.30682907476613835
8.0, 0.30682907476613835
8.0, 0.30682907476613835
8.0, 0.30682907476613835
8.0, 0.30682907476613835
8.0, 0.30682907476613835
8.0, 0.30682907476613835
8.0, 0.30682907476613835
8.0, 0.30682907476613835
8.0, 0.30682907476613835
8.0, 0.30682907476613835
8.0, 0.30682907476613835
8.0, 0.30682907476613835
8.0, 0.30682907476613835
8.0, 0.30682907476613835
8.0, 0.30682907476613835
8.0, 0.30682907476613835
8.0, 0.30682907476613835
8.0, 0.30682907476613835
8.0, 0.30682907476613835
8.0, 0.30682907476613835
8.0, 0.30682907476613835
8.0, 0.30682907476613835
8.0, 0.30682907476613835
8.0, 0.30682907476613835
8.0, 0.30682907476613835
8.0, 0.30682907476613835
8.0, 0.30682907476613835
8.0, 0.30682907476613835
8.0, 0.30682907476613835
8.0, 0.30682907476613835
8.0, 0.30682907476613835
8.0, 0.30682907476613835
8.0, 0.30682907476613835
8.0, 0.30682907476613835
8.0, 0.30682907476613835
8.0, 0.30682907476613835
8.0, 0.30682907476613835
8.0, 0.30682907476613835
8.0, 0.30682907476613835
8.0, 0.30682907476613835
8.0, 0.30682907476613835
8.0, 0.30682907476613835
8.0, 0.30682907476613835
8.0, 0.30682907476613835
8.0, 0.30682907476613835
8.0, 0.30682907476613835
8.0, 0.30682907476613835
8.0, 0.30682907476613835
8.0, 0.30682907476613835
8.0, 0.30682907476613835
8.0, 0.30682907476613835
8.0, 0.30682907476613835
8.0, 0.30682907476613835
8.0, 0.30682907476613835
8.0, 0.30682907476613835
8.0, 0.30682907476613835
8.0, 0.30682907476613835
8.0, 0.30682907476613835
8.0, 0.30682907476613835
8.0, 0.30682907476613835
8.0, 0.30682907476613835
8.0, 0.30682907476613835
8.0, 0.30682907476613835
8.0, 0.30682907476613835
8.0, 0.30682907476613835
8.0, 0.30682907476613835
8.0, 0.30682907476613835
8.0, 0.30682907476613835
8.0, 0.30682907476613835
8.0, 0.30682907476613835
8.0, 0.30682907476613835
8.0, 0.30682907476613835
8.0, 0.30682907476613835
8.0, 0.30682907476613835
8.0, 0.30682907476613835
8.0, 0.30682907476613835
8.0, 0.30682907476613835
8.0, 0.30682907476613835
8.0, 0.30682907476613835
8.0, 0.30682907476613835
8.0, 0.30682907476613835
8.0, 0.30682907476613835
8.0, 0.30682907476613835
8.0, 0.30682907476613835
8.0, 0.30682907476613835
8.0, 0.30682907476613835
8.0, 0.30682907476613835
8.0, 0.30682907476613835
8.0, 0.30682907476613835
8.0, 0.30682907476613835
8.0, 0.30682907476613835
8.0, 0.30682907476613835
8.0, 0.30682907476613835
8.0, 0.30682907476613835
8.0, 0.30682907476613835
8.0, 0.30682907476613835
8.0, 0.30682907476613835
8.0, 0.30682907476613835
8.0, 0.30682907476613835
8.0, 0.30682907476613835
8.0, 0.30682907476613835
8.0, 0.30682907476613835
8.0, 0.30682907476613835
8.0, 0.30682907476613835
8.0, 0.30682907476613835
8.0, 0.30682907476613835
8.0, 0.30682907476613835
8.0, 0.30682907476613835
8.0, 0.30682907476613835
8.0, 0.30682907476613835
8.0, 0.30682907476613835
8.0, 0.30682907476613835
8.0, 0.30682907476613835
8.0, 0.30682907476613835
8.0, 0.30682907476613835
8.0, 0.30682907476613835
8.0, 0.30682907476613835
8.0, 0.30682907476613835
8.0, 0.30682907476613835
8.0, 0.30682907476613835
8.0, 0.30682907476613835
8.0, 0.30682907476613835
8.0, 0.30682907476613835
8.0, 0.30682907476613835
8.0, 0.30682907476613835
8.0, 0.30682907476613835
8.0, 0.30682907476613835
8.0, 0.30682907476613835
8.0, 0.30682907476613835
8.0, 0.30682907476613835
8.0, 0.30682907476613835
8.0, 0.30682907476613835
8.0, 0.30682907476613835
8.0, 0.30682907476613835
8.0, 0.30682907476613835
8.0, 0.30682907476613835
8.0, 0.30682907476613835
8.0, 0.30682907476613835
8.0, 0.30682907476613835
8.0, 0.30682907476613835
8.0, 0.30682907476613835
8.0, 0.30682907476613835
8.0, 0.30682907476613835
8.0, 0.30682907476613835
8.0, 0.30682907476613835
8.0, 0.30682907476613835
8.0, 0.30682907476613835
8.0, 0.30682907476613835
8.0, 0.30682907476613835
8.0, 0.30682907476613835
8.0, 0.30682907476613835
8.0, 0.30682907476613835
8.0, 0.30682907476613835
8.0, 0.30682907476613835
8.0, 0.30682907476613835
8.0, 0.30682907476613835
8.0, 0.30682907476613835
8.0, 0.30682907476613835
8.0, 0.30682907476613835
8.0, 0.30682907476613835
8.0, 0.30682907476613835
8.0, 0.30682907476613835
8.0, 0.30682907476613835
8.0, 0.30682907476613835
8.0, 0.30682907476613835
8.0, 0.30682907476613835
8.0, 0.30682907476613835
8.0, 0.30682907476613835
8.0, 0.30682907476613835
8.0, 0.30682907476613835
8.0, 0.30682907476613835
8.0, 0.30682907476613835
8.0, 0.30682907476613835
8.0, 0.30682907476613835
8.0, 0.30682907476613835
8.0, 0.30682907476613835
8.0, 0.30682907476613835
8.0, 0.30682907476613835
8.0, 0.30682907476613835
8.0, 0.30682907476613835
8.0, 0.30682907476613835
8.0, 0.30682907476613835
8.0, 0.30682907476613835
8.0, 0.30682907476613835
8.0, 0.30682907476613835
8.0, 0.30682907476613835
8.0, 0.30682907476613835
8.0, 0.30682907476613835
8.0, 0.30682907476613835
8.0, 0.30682907476613835
8.0, 0.30682907476613835
8.0, 0.30682907476613835
8.0, 0.30682907476613835
8.0, 0.30682907476613835
8.0, 0.30682907476613835
8.0, 0.30682907476613835
8.0, 0.30682907476613835
8.0, 0.30682907476613835
8.0, 0.30682907476613835
8.0, 0.30682907476613835
8.0, 0.30682907476613835
8.0, 0.30682907476613835
8.0, 0.30682907476613835
8.0, 0.30682907476613835
8.0, 0.30682907476613835
8.0, 0.30682907476613835
8.0, 0.30682907476613835
8.0, 0.30682907476613835
8.0, 0.30682907476613835
8.0, 0.30682907476613835
8.0, 0.30682907476613835
8.0, 0.30682907476613835
8.0, 0.30682907476613835
8.0, 0.30682907476613835
8.0, 0.30682907476613835
8.0, 0.30682907476613835
8.0, 0.30682907476613835
8.0, 0.30682907476613835
8.0, 0.30682907476613835
8.0, 0.30682907476613835
8.0, 0.30682907476613835
8.0, 0.30682907476613835
8.0, 0.30682907476613835
8.0, 0.30682907476613835
8.0, 0.30682907476613835
8.0, 0.30682907476613835
8.0, 0.30682907476613835
8.0, 0.30682907476613835
8.0, 0.30682907476613835
8.0, 0.30682907476613835
8.0, 0.30682907476613835
8.0, 0.30682907476613835
8.0, 0.30682907476613835
8.0, 0.30682907476613835
8.0, 0.30682907476613835
8.0, 0.30682907476613835
8.0, 0.30682907476613835
8.0, 0.30682907476613835
8.0, 0.30682907476613835
8.0, 0.30682907476613835
8.0, 0.30682907476613835
8.0, 0.30682907476613835
8.0, 0.30682907476613835
8.0, 0.30682907476613835
8.0, 0.30682907476613835
8.0, 0.30682907476613835
8.0, 0.30682907476613835
8.0, 0.30682907476613835
8.0, 0.30682907476613835
8.0, 0.30682907476613835
8.0, 0.30682907476613835
8.0, 0.30682907476613835
8.0, 0.30682907476613835
8.0, 0.30682907476613835
8.0, 0.30682907476613835
8.0, 0.30682907476613835
8.0, 0.30682907476613835
8.0, 0.30682907476613835
8.0, 0.30682907476613835
8.0, 0.30682907476613835
8.0, 0.30682907476613835
8.0, 0.30682907476613835
8.0, 0.30682907476613835
8.0, 0.30682907476613835
8.0, 0.30682907476613835
8.0, 0.30682907476613835
8.0, 0.30682907476613835
8.0, 0.30682907476613835
8.0, 0.30682907476613835
8.0, 0.30682907476613835
8.0, 0.30682907476613835
8.0, 0.30682907476613835
8.0, 0.30682907476613835
8.0, 0.30682907476613835
8.0, 0.30682907476613835
8.0, 0.30682907476613835
8.0, 0.30682907476613835
8.0, 0.30682907476613835
8.0, 0.30682907476613835
8.0, 0.30682907476613835
8.0, 0.30682907476613835
8.0, 0.30682907476613835
8.0, 0.30682907476613835
8.0, 0.30682907476613835
8.0, 0.30682907476613835
8.0, 0.30682907476613835
8.0, 0.30682907476613835
8.0, 0.30682907476613835
8.0, 0.30682907476613835
8.0, 0.30682907476613835
8.0, 0.30682907476613835
8.0, 0.30682907476613835
8.0, 0.30682907476613835
8.0, 0.30682907476613835
8.0, 0.30682907476613835
8.0, 0.30682907476613835
8.0, 0.30682907476613835
8.0, 0.30682907476613835
8.0, 0.30682907476613835
8.0, 0.30682907476613835
8.0, 0.30682907476613835
8.0, 0.30682907476613835
8.0, 0.30682907476613835
8.0, 0.30682907476613835
8.0, 0.30682907476613835
8.0, 0.30682907476613835
8.0, 0.30682907476613835
8.0, 0.30682907476613835
8.0, 0.30682907476613835
8.0, 0.30682907476613835
8.0, 0.30682907476613835
8.0, 0.30682907476613835
8.0, 0.30682907476613835
8.0, 0.30682907476613835
8.0, 0.30682907476613835
8.0, 0.30682907476613835
8.0, 0.30682907476613835
8.0, 0.30682907476613835
8.0, 0.30682907476613835
8.0, 0.30682907476613835
8.0, 0.30682907476613835
8.0, 0.30682907476613835
8.0, 0.30682907476613835
8.0, 0.30682907476613835
8.0, 0.30682907476613835
27.0, 0.5574556412028816
23.0, 0.5570591247287621
19.0, 0.5618359946393698
14.0, 0.5565497322328944
12.0, 0.5539534360809937
10.0, 0.5535594107145497
8.0, 0.5556452954357606
8.0, 0.5509210603955305
8.0, 0.548797122324177
8.0, 0.5493552582235315
8.0, 0.5479609815267463
8.0, 0.5477382258809492
5.0, 0.5379714182491118
5.0, 0.5358429330748941
5.0, 0.5402730893913157
5.0, 0.5374794801562194
5.0, 0.5367696969719484
5.0, 0.5301002729092124
5.0, 0.5276273630882805
5.0, 0.527091302372718
5.0, 0.5285936466094253
5.0, 0.5349721464441778
5.0, 0.533560135282389
5.0, 0.5255398041924937
5.0, 0.5241526888549635
5.0, 0.5238863559384386
5.0, 0.5206479704288408
5.0, 0.5205421334551456
5.0, 0.5187989262808255
5.0, 0.5186407426685283
5.0, 0.5165887393574452
5.0, 0.514701789183086
4.0, 0.5116761896222312
4.0, 0.508823517683293
4.0, 0.5068618761369857
4.0, 0.5054212969258934
4.0, 0.5095999381149847
5.0, 0.5121445107734461
5.0, 0.5113122359304861
4.0, 0.5045486578528687
4.0, 0.49985221404366426
4.0, 0.5001063285028187
4.0, 0.5002588591836291
4.0, 0.49524982529607303
4.0, 0.4957535026941544
4.0, 0.49893847064070007
6.0, 0.4926389401567965
6.0, 0.49238862003345163
6.0, 0.49258886595359413
6.0, 0.4924386738806218
5.0, 0.48825183731884214
4.0, 0.48805335447608467
4.0, 0.4880037463739767
5.0, 0.4853323834063806
4.0, 0.48405139196205516
4.0, 0.48311742150842496
4.0, 0.48101034772662776
4.0, 0.4792533551900884
3.0, 0.47003832447668314
4.0, 0.47735718816966155
4.0, 0.4751786235000428
5.0, 0.46732277353868446
5.0, 0.4687500494694929
5.0, 0.4658524871439651
5.0, 0.4661366972369321
5.0, 0.4649536312250119
5.0, 0.46566311002566957
4.0, 0.4690837072602157
4.0, 0.46438682655009456
5.0, 0.45898986665823405
5.0, 0.4580576881398465
5.0, 0.45638453507116533
5.0, 0.456988023066822
5.0, 0.45610627100847695
5.0, 0.4549486624566245
5.0, 0.4542555080614166
5.0, 0.4528723659074541
5.0, 0.45333294471692037
5.0, 0.4515393318611392
5.0, 0.4514934352207918
5.0, 0.4492502053773192
5.0, 0.44847454893948985
4.0, 0.4399407605873875
4.0, 0.43913653694610416
4.0, 0.44016441731090644
4.0, 0.4398960428818897
4.0, 0.4402539118337558
4.0, 0.44411943891401034
5.0, 0.44524949270459563
5.0, 0.43904726956247997
5.0, 0.4397619170354908
4.0, 0.43108706765372334
4.0, 0.43438612730991527
5.0, 0.4309556276947687
4.0, 0.4292069196452145
4.0, 0.4281175822861885
4.0, 0.4286836922259107
5.0, 0.42357247498180056
5.0, 0.4239170642094462
6.0, 0.42262629821786946
6.0, 0.42215400272033005
6.0, 0.4207830511047919
6.0, 0.4204410094206315
6.0, 0.4200138482759883
6.0, 0.41830953917731545
6.0, 0.417714666254336
5.0, 0.41648511922590037
5.0, 0.40739885073715065
5.0, 0.40706768866048115
6.0, 0.41353213778894987
5.0, 0.4068608490752816
5.0, 0.40739885073715065
5.0, 0.40669545308133187
5.0, 0.40619966840820904
5.0, 0.40512754069180434
5.0, 0.40488052873868835
5.0, 0.40426365755917126
5.0, 0.4042225662468817
5.0, 0.40213243827960904
5.0, 0.3989161054770882
5.0, 0.39956543051902865
6.0, 0.3983893059357919
6.0, 0.3972570224102945
6.0, 0.3979036469240608
6.0, 0.39620849800865837
6.0, 0.39596692412116824
6.0, 0.3937193251875398
6.0, 0.3958461924171597
7.0, 0.3968130777153206
7.0, 0.39552442114341807
7.0, 0.39448046978795653
7.0, 0.39275997820906455
7.0, 0.3926003144637638
5.0, 0.39005450384957396
6.0, 0.3841522593871316
6.0, 0.37934056228219853
6.0, 0.37857014631226205
6.0, 0.3774174551102758
6.0, 0.3765361026515479
6.0, 0.37523700243041636
6.0, 0.37322086763084505
6.0, 0.3751988615276636
6.0, 0.3753132958679756
6.0, 0.3725007431382111
6.0, 0.37166865047751685
6.0, 0.3730312263215517
6.0, 0.3791863537622912
7.0, 0.37822396978784933
7.0, 0.3773790925757726
7.0, 0.3771489992413055
7.0, 0.37711066399395454
8.0, 0.370612311154123
8.0, 0.37057464032734644
8.0, 0.3687334527760592
8.0, 0.3704239953067974
8.0, 0.37500821515840466
9.0, 0.3705369733296147
9.0, 0.3677975985126572
9.0, 0.36772283286106555
9.0, 0.366603170155653
9.0, 0.36600741136208675
9.0, 0.3686584968846343
8.0, 0.3661190423422502
8.0, 0.36344927196999577
8.0, 0.3628955249627164
8.0, 0.36168024949895183
8.0, 0.3603591355104758
8.0, 0.35977352376104343
8.0, 0.3598832534272949
8.0, 0.35762229330728407
8.0, 0.35562849507795946
8.0, 0.3546177443369767
9.0, 0.3535020494161479
9.0, 0.35135260182009254
9.0, 0.35088861356057927
9.0, 0.3501047981039841
9.0, 0.349145235366633
9.0, 0.3490742613550358
9.0, 0.3487196076516509
9.0, 0.3507103197354935
11.0, 0.35776773209744517
22.0, 0.3685460916158738
22.0, 0.3685460916158738
22.0, 0.3685460916158738
22.0, 0.3685460916158738
22.0, 0.3685460916158738
27.0, 0.3425015327310888
25.0, 0.3435475853131841
21.0, 0.3513883186273435
19.0, 0.34596564659112755
19.0, 0.3442817224503207
19.0, 0.3437222377532112
19.0, 0.3437571788945322
19.0, 0.34347774918817253
19.0, 0.344666896359251
19.0, 0.3448070664139517
19.0, 0.3442817224503207
19.0, 0.34586016045201606
19.0, 0.34564928465326805
20.0, 0.34323343452709437
20.0, 0.34368730016347665
20.0, 0.3429892936462793
21.0, 0.3414933762649049
21.0, 0.3411464246159818
21.0, 0.3398657656764616
21.0, 0.339485957151593
20.0, 0.3392789677941471
19.0, 0.3393824466925191
20.0, 0.33554055648592757
20.0, 0.3346209112350838
19.0, 0.3350293308671009
19.0, 0.33265389090726916
19.0, 0.33238348672442547
20.0, 0.3303288696212374
19.0, 0.3301945852047214
19.0, 0.33079929528758556
18.0, 0.33006035537715034
18.0, 0.32486773583004264
18.0, 0.322892397426859
18.0, 0.32285957708278284
17.0, 0.32928959212335424
17.0, 0.3287544708093349
17.0, 0.32825358439029306
18.0, 0.31820045086294185
17.0, 0.32377980897185515
17.0, 0.32305654919938676
17.0, 0.3223349050455702
17.0, 0.32348373446614803
17.0, 0.3226299280637786
17.0, 0.3244057453624692
17.0, 0.32177837520709035
17.0, 0.3241090984807142
17.0, 0.3229252211072927
17.0, 0.3232536414859267
17.0, 0.32450468798002635
17.0, 0.3237139912272916
17.0, 0.3232207844232582
17.0, 0.32387856068100274
17.0, 0.32269552539589685
17.0, 0.3220074180880361
17.0, 0.3220401518057478
18.0, 0.31761877180935894
17.0, 0.3190425351166069
17.0, 0.31668385798276183
18.0, 0.31459834589900737
18.0, 0.31495031077756824
18.0, 0.314982327103861
18.0, 0.3156875102886541
18.0, 0.3166516687046457
18.0, 0.3166516687046457
18.0, 0.3170381560808608
18.0, 0.31678044545167955
18.0, 0.31536677697476956
18.0, 0.3156875102886541
18.0, 0.31591221767238864
18.0, 0.31591221767238864
18.0, 0.3162978025158918
18.0, 0.3161692219715849
18.0, 0.31652294430759376
19.0, 0.31440653086778325
19.0, 0.3141509594063218
20.0, 0.3136085596228668
20.0, 0.31405517367692226
20.0, 0.3136404395532225
20.0, 0.3120186878027833
20.0, 0.31173336803854
19.0, 0.31313074933477053
20.0, 0.3139594171529275
20.0, 0.31072100913213224
20.0, 0.31163831944122805
20.0, 0.3118284456253416
20.0, 0.310247598281773
19.0, 0.3083298134124505
18.0, 0.30968045725838506
19.0, 0.30968045725838506
18.0, 0.309806398934514
15.0, 0.30845520580513
13.0, 0.3142787191582138
12.0, 0.30739099383913576
12.0, 0.3111635109877435
10.0, 0.31236776662342175
10.0, 0.3120186878027833
10.0, 0.3118918467928475
10.0, 0.3118284456253416
13.0, 0.32308938956669625
26.0, 0.3244387228825394
26.0, 0.3244387228825394
26.0, 0.3244387228825394
26.0, 0.3244387228825394
26.0, 0.3244387228825394
26.0, 0.3244387228825394
26.0, 0.3244387228825394
26.0, 0.3244387228825394
26.0, 0.3244387228825394
26.0, 0.3244387228825394
27.0, 0.3109421813443924
24.0, 0.30968045725838506
21.0, 0.31059469565109005
20.0, 0.3071411250933475
19.0, 0.3062993166395824
19.0, 0.3052115164537735
18.0, 0.30586373209576745
18.0, 0.30636159362089593
18.0, 0.30661082819387103
18.0, 0.30611256164308914
19.0, 0.3055840406178413
19.0, 0.305118456391885
19.0, 0.3038185908982655
18.0, 0.30307829843981426
18.0, 0.3035407695621838
17.0, 0.3040348499470578
17.0, 0.3032323771369284
16.0, 0.30710990578473
15.0, 0.3087061435959679
14.0, 0.3114483091797201
14.0, 0.31198697271511483
14.0, 0.31408709900790394
13.0, 0.32135344199900273
13.0, 0.3219746876975378
13.0, 0.3211575082907855
13.0, 0.3200494716719843
13.0, 0.320798606713183
13.0, 0.320016940296624
13.0, 0.31868599707461925
13.0, 0.3171993316789682
14.0, 0.31440653086778325
13.0, 0.31649077138552134
12.0, 0.3135129392730637
13.0, 0.3123360160536945
13.0, 0.31249480118170636
13.0, 0.31166999908649
14.0, 0.31227252459575616
14.0, 0.3139594171529275
14.0, 0.31227252459575616
14.0, 0.3163299558216816
13.0, 0.31723157662985524
13.0, 0.31661948269840334
13.0, 0.31678044545167955
13.0, 0.3168448534630923
14.0, 0.3161370850035605
14.0, 0.3162978025158918
14.0, 0.31214558039676016
14.0, 0.31072100913213224
14.0, 0.30933438157342225
14.0, 0.3118601445979124
14.0, 0.31166999908649
14.0, 0.3099638980578468
14.0, 0.3103422227139961
14.0, 0.3109737902236201
14.0, 0.3130989212117924
15.0, 0.31878319518895637
16.0, 0.3129080204008652
16.0, 0.3118601445979124
14.0, 0.31588010682752354
13.0, 0.3194319406510942
13.0, 0.3190425351166069
13.0, 0.3220074180880361
14.0, 0.31668385798276183
14.0, 0.31678044545167955
14.0, 0.3168770623794373
14.0, 0.3177802425804148
15.0, 0.31842694696584806
15.0, 0.3173283311510443
15.0, 0.31800643957771596
14.0, 0.3146303264462518
15.0, 0.31668385798276183
15.0, 0.32066819651388356
15.0, 0.3207333949854349
15.0, 0.32011454434398817
15.0, 0.3218765164859407
16.0, 0.31923717850924355
16.0, 0.3202121781602454
16.0, 0.3174896542681162
16.0, 0.3134492085709549
16.0, 0.3138317872028404
16.0, 0.3133217860295081
15.0, 0.3181034304293936
14.0, 0.3144704562132999
14.0, 0.31176505734598287
14.0, 0.3080791815289192
13.0, 0.3089572855324115
12.0, 0.3085806491927228
13.0, 0.30817314460161777
13.0, 0.30614367956652183
13.0, 0.302708828916651
13.0, 0.30418941493504376
13.0, 0.3028935073433688
13.0, 0.30338653416444444
13.0, 0.3031707362606638
13.0, 0.3040039463752614
14.0, 0.30360248567386594
14.0, 0.3025550162453103
14.0, 0.30273960083306656
14.0, 0.3031707362606638
14.0, 0.30431312349940315
14.0, 0.3058015563194142
14.0, 0.3094287274777437
14.0, 0.3077036156474887
14.0, 0.30608144688263267
13.0, 0.3043749966466029
13.0, 0.3094287274777437
13.0, 0.31268544989336194
13.0, 0.31179674987480754
13.0, 0.312113852411115
14.0, 0.3074534927809854
14.0, 0.3095860346007706
14.0, 0.3074534927809854
14.0, 0.30817314460161777
14.0, 0.3084865618704451
15.0, 0.30927150028574785
15.0, 0.3108157779530087
15.0, 0.31160664301603846
15.0, 0.30993239182894045
15.0, 0.31151163305763047
15.0, 0.3101530027008712
15.0, 0.3090201029337327
15.0, 0.3092400644354979
15.0, 0.3075785287892481
15.0, 0.3072348020621146
15.0, 0.3078600457595764
15.0, 0.3074847470169963
15.0, 0.30817314460161777
16.0, 0.3090201029337327
16.0, 0.3097119378768407
16.0, 0.3073597491326511
16.0, 0.3055219216969859
16.0, 0.3067667027555681
16.0, 0.3062059249036019
16.0, 0.304591651746794
16.0, 0.30409666651549344
16.0, 0.30605033528483083
16.0, 0.30670434342393876
16.0, 0.30679788717582457
17.0, 0.30880029788990365
16.0, 0.3074847470169963
17.0, 0.3091143529841684
17.0, 0.3115432998245669
17.0, 0.3088316890356122
17.0, 0.3049014265771786
18.0, 0.30598812157590516
17.0, 0.30814182039354887
18.0, 0.30689145945822743
17.0, 0.30732850760202945
18.0, 0.3043440585006517
18.0, 0.30601922684936217
18.0, 0.30589482472439106
18.0, 0.3071411250933475
18.0, 0.3069538568344136
18.0, 0.30836115673098113
18.0, 0.30914577605519983
17.0, 0.3068602655268319
17.0, 0.30499442044573283
17.0, 0.30661082819387103
17.0, 0.30645503283529074
17.0, 0.3095545667797325
17.0, 0.3075472650208046
17.0, 0.31002692012429794
17.0, 0.31002692012429794
17.0, 0.31119514236627294
17.0, 0.3046535815245427
17.0, 0.3094287274777437
16.0, 0.30567724268129
16.0, 0.30717234757556905
17.0, 0.3072035732317172
17.0, 0.3043749966466029
17.0, 0.3014192289167829
18.0, 0.3042821916425377
18.0, 0.30425126292973576
18.0, 0.3058326426275489
18.0, 0.3055840406178413
18.0, 0.3075785287892481
18.0, 0.3053977217351872
18.0, 0.3062681828964453
18.0, 0.3088944809005699
18.0, 0.3091143529841684
19.0, 0.31271723598484436
19.0, 0.3123042687112487
20.0, 0.3098693889781384
20.0, 0.3094287274777437
20.0, 0.3087061435959679
20.0, 0.31008995500443765
20.0, 0.3109737902236201
20.0, 0.31170168195215153
20.0, 0.3108473739826786
20.0, 0.31100540231605367
20.0, 0.31151163305763047
20.0, 0.3110686361418452
19.0, 0.31255833783306836
20.0, 0.3103737706043293
19.0, 0.3095231021572359
19.0, 0.3115432998245669
18.0, 0.30873752517040587
18.0, 0.3087061435959679
18.0, 0.30717234757556905
17.0, 0.3145343945561604
14.0, 0.30983789235559167
14.0, 0.30792264006937525
14.0, 0.3094287274777437
15.0, 0.3087061435959679
15.0, 0.31002692012429794
15.0, 0.31008995500443765
15.0, 0.3114483091797201
15.0, 0.31078418513491196
15.0, 0.3131944152875351
16.0, 0.30817314460161777
16.0, 0.3046535815245427
16.0, 0.30577047317104206
16.0, 0.30573939318211146
16.0, 0.307078689649394
16.0, 0.3072035732317172
16.0, 0.30651734147692494
16.0, 0.3077661781518129
16.0, 0.3069538568344136
16.0, 0.3095860346007706
17.0, 0.30914577605519983
17.0, 0.30914577605519983
17.0, 0.30983789235559167
17.0, 0.308392503235722
17.0, 0.30905151642375955
17.0, 0.3085179211232662
17.0, 0.3073597491326511
17.0, 0.30639273685971574
18.0, 0.3077661781518129
18.0, 0.3079539419966319
18.0, 0.30845520580513
18.0, 0.30542876699145005
18.0, 0.30664199676867293
18.0, 0.30726603406708397
18.0, 0.30527357226282786
18.0, 0.3078287533763872
18.0, 0.30710990578473
18.0, 0.30661082819387103
19.0, 0.30633045354762545
19.0, 0.30664199676867293
19.0, 0.3067667027555681
19.0, 0.30689145945822743
19.0, 0.30867476521130477
19.0, 0.30670434342393876
19.0, 0.30961750562067525
19.0, 0.3103737706043293
19.0, 0.3094916407329556
19.0, 0.3106262692066018
20.0, 0.3094916407329556
20.0, 0.3072348020621146
20.0, 0.3056151048143811
20.0, 0.30679788717582457
19.0, 0.3032323771369284
19.0, 0.3048704349223446
18.0, 0.30249351306251804
18.0, 0.3035716260496642
17.0, 0.29722052830578277
17.0, 0.29445393783248647
17.0, 0.29352752969836454
16.0, 0.29794651270233746
17.0, 0.29115024297537545
17.0, 0.2916538001133969
17.0, 0.2916538001133969
17.0, 0.2896742259710129
17.0, 0.28914469363014655
17.0, 0.2874449986291647
17.0, 0.2899688295286034
17.0, 0.2898214903167444
17.0, 0.2902342288940919
17.0, 0.28946818158965637
18.0, 0.2928420785977301
18.0, 0.29508316528213324
18.0, 0.29547336068597263
18.0, 0.2950531716028369
18.0, 0.2962251872488374
18.0, 0.2950231809722431
18.0, 0.2949332273695783
18.0, 0.29544332734532935
18.0, 0.2943342371981518
18.0, 0.2951431617880733
18.0, 0.2957437981760032
18.0, 0.2960746690510953
18.0, 0.29412487816521665
19.0, 0.29331874447397993
18.0, 0.29631553489474605
19.0, 0.2925445558663822
19.0, 0.29571373734678613
19.0, 0.2930207374579482
19.0, 0.29349769414138854
19.0, 0.29427440512986525
19.0, 0.2917130993585239
19.0, 0.2916241550113532
19.0, 0.29195041693116924
19.0, 0.29203946078708437
20.0, 0.2965867432003881
20.0, 0.2958339989999285
19.0, 0.2925148202236181
17.0, 0.29481333189573145
16.0, 0.2997997143360166
14.0, 0.29734140274470006
12.0, 0.3019712405337576
11.0, 0.30028770531811083
9.0, 0.30286271978315166
9.0, 0.29989115220018314
8.0, 0.29949512276128915
9.0, 0.306548500548319
14.0, 0.3012048303511428
21.0, 0.314982327103861
21.0, 0.314982327103861
21.0, 0.314982327103861
21.0, 0.314982327103861
21.0, 0.314982327103861
21.0, 0.314982327103861
21.0, 0.314982327103861
21.0, 0.314982327103861
21.0, 0.314982327103861
21.0, 0.314982327103861
21.0, 0.314982327103861
21.0, 0.314982327103861
21.0, 0.314982327103861
21.0, 0.314982327103861
26.0, 0.30595701946413856
20.0, 0.30617480065325225
16.0, 0.30682907476613835
12.0, 0.3005014510712069
12.0, 0.29764380394996404
11.0, 0.29827984792017287
11.0, 0.29821921379075883
11.0, 0.29809798250642183
10.0, 0.30022666303277823
11.0, 0.3046226150618778
18.0, 0.31858882859632803
18.0, 0.31858882859632803
18.0, 0.31858882859632803
18.0, 0.31858882859632803
18.0, 0.31858882859632803
18.0, 0.31858882859632803
18.0, 0.31858882859632803
18.0, 0.31858882859632803
18.0, 0.31858882859632803
18.0, 0.31858882859632803
18.0, 0.31858882859632803
18.0, 0.31858882859632803
18.0, 0.31858882859632803
18.0, 0.31858882859632803
18.0, 0.31858882859632803
18.0, 0.31858882859632803
18.0, 0.31858882859632803
18.0, 0.31858882859632803
24.0, 0.302708828916651
20.0, 0.30273960083306656
14.0, 0.30598812157590516
11.0, 0.2986135560652376
11.0, 0.29976924124387555
11.0, 0.2998606698138555
11.0, 0.29916042944331145
13.0, 0.31176505734598287
25.0, 0.31781254658389624
25.0, 0.31781254658389624
25.0, 0.31781254658389624
25.0, 0.31781254658389624
25.0, 0.31781254658389624
25.0, 0.31781254658389624
25.0, 0.31781254658389624
25.0, 0.31781254658389624
25.0, 0.31781254658389624
25.0, 0.31781254658389624
25.0, 0.31781254658389624
25.0, 0.31781254658389624
28.0, 0.30129669677077875
24.0, 0.29797680050470515
20.0, 0.3015111607272315
18.0, 0.29891725107181505
16.0, 0.3028011540505885
14.0, 0.30129669677077875
14.0, 0.3006236598045643
14.0, 0.30056254922662673
13.0, 0.303633348435108
14.0, 0.3029242980333006
14.0, 0.30178712442607036
14.0, 0.29964737984648676
14.0, 0.2994342415916123
14.0, 0.29891725107181505
14.0, 0.29815859198701034
14.0, 0.2986439116760094
14.0, 0.29785566776557465
14.0, 0.29734140274470006
14.0, 0.2975530513101615
14.0, 0.2973716290345142
14.0, 0.297280959381798
14.0, 0.2980676823865297
14.0, 0.29794651270233746
14.0, 0.2983708222303991
14.0, 0.2978859463330852
14.0, 0.29821921379075883
14.0, 0.2976135499949758
14.0, 0.29740185839698685
14.0, 0.29712990472420875
15.0, 0.29873499702440764
14.0, 0.29882611015351845
15.0, 0.299830190525905
15.0, 0.3000131127355643
15.0, 0.2997083043515756
15.0, 0.29931251637739426
15.0, 0.30059310296262287
15.0, 0.2992820928064086
15.0, 0.3000131127355643
15.0, 0.30034876001460165
15.0, 0.3007764906144996
15.0, 0.3013273251366658
15.0, 0.30157246417749184
15.0, 0.3018178026464624
15.0, 0.3028935073433688
15.0, 0.30249351306251804
15.0, 0.300409827124774
15.0, 0.30190985602050435
15.0, 0.30123544937833363
16.0, 0.2996778405507872
16.0, 0.29906921437907646
16.0, 0.29925167232782185
16.0, 0.298188901348333
16.0, 0.298188901348333
16.0, 0.2958339989999285
16.0, 0.29682802563209876
16.0, 0.2967375217259668
16.0, 0.29827984792017287
17.0, 0.29964737984648676
18.0, 0.3001961465435078
17.0, 0.30249351306251804
17.0, 0.302708828916651
17.0, 0.30209404700502235
17.0, 0.3031399205215594
18.0, 0.2987653649802804
18.0, 0.2984921644739244
18.0, 0.2990996163098701
18.0, 0.298249529314601
18.0, 0.2978859463330852
18.0, 0.29764380394996404
18.0, 0.2983708222303991
18.0, 0.29758329911514586
18.0, 0.29758329911514586
18.0, 0.2984314871849422
18.0, 0.2979162279785685
18.0, 0.29821921379075883
18.0, 0.29815859198701034
19.0, 0.2980676823865297
18.0, 0.29852250774461375
19.0, 0.29831016960778767
19.0, 0.2985528540998533
18.0, 0.29785566776557465
19.0, 0.300470906651152
19.0, 0.30105178189285087
19.0, 0.29973877124916687
20.0, 0.29758329911514586
20.0, 0.29764380394996404
20.0, 0.29571373734678613
20.0, 0.2953232245069924
20.0, 0.2966772011195972
20.0, 0.2969789268206425
20.0, 0.29595430956140156
20.0, 0.2972507423080857
20.0, 0.2960445745905631
20.0, 0.29655659669016404
20.0, 0.2968883769042088
20.0, 0.2947234422767861
20.0, 0.2949632088559236
21.0, 0.29436415779405156
21.0, 0.2975530513101615
22.0, 0.29700911626290627
22.0, 0.2965867432003881
20.0, 0.29846182428747176
18.0, 0.29773458426900423
18.0, 0.29682802563209876
16.0, 0.2962854159514453
16.0, 0.29349769414138854
16.0, 0.29047034336015864
16.0, 0.2878250939057437
16.0, 0.2857552950378819
15.0, 0.2857552950378819
16.0, 0.2834409558356427
16.0, 0.2823195210311213
16.0, 0.28289406043880033
16.0, 0.2834409558356427
16.0, 0.28384460781033155
16.0, 0.28439334082080625
16.0, 0.28715295924222295
16.0, 0.2871237716274016
16.0, 0.28764960290239194
17.0, 0.2913278696703207
17.0, 0.29017523027277076
17.0, 0.2911206490573134
16.0, 0.29269327942807494
16.0, 0.29266352866832906
15.0, 0.29559352458209215
14.0, 0.2953832698219341
13.0, 0.2950231809722431
13.0, 0.2948732735389675
11.0, 0.2969789268206425
11.0, 0.2942145852242018
11.0, 0.29203946078708437
11.0, 0.28879220995635446
11.0, 0.29463358006550083
23.0, 0.3069226565606472
23.0, 0.3069226565606472
23.0, 0.3069226565606472
23.0, 0.3069226565606472
23.0, 0.3069226565606472
23.0, 0.3069226565606472
23.0, 0.3069226565606472
23.0, 0.3069226565606472
23.0, 0.3069226565606472
23.0, 0.3069226565606472
23.0, 0.3069226565606472
23.0, 0.3069226565606472
29.0, 0.29712990472420875
24.0, 0.29290161944443105
20.0, 0.2943342371981518
17.0, 0.29203946078708437
17.0, 0.29189106944428367
16.0, 0.2882349893888348
16.0, 0.2885281292186259
16.0, 0.28826428996468273
16.0, 0.28797141819123045
16.0, 0.28896839804830404
16.0, 0.2884108375283022
16.0, 0.28946818158965637
16.0, 0.2895859032834892
16.0, 0.2889096567442367
16.0, 0.29174275350222
15.0, 0.292604036220563
15.0, 0.292604036220563
15.0, 0.2916538001133969
16.0, 0.29224733541323183
15.0, 0.2922770438647831
16.0, 0.29313990391469746
16.0, 0.29293139440733446
16.0, 0.2929611723970166
16.0, 0.2923661873407703
16.0, 0.2921285318010639
16.0, 0.29198009519942275
16.0, 0.2915056047328305
16.0, 0.29085443912117037
16.0, 0.2893210967674601
16.0, 0.28985095216860834
16.0, 0.2898804170154217
16.0, 0.290293239511052
16.0, 0.2912982576974227
16.0, 0.29192074167955845
16.0, 0.2923661873407703
17.0, 0.2905589357988119
17.0, 0.2901457354597128
17.0, 0.2903522621260902
17.0, 0.292782549854453
17.0, 0.29328893013894336
17.0, 0.2943342371981518
17.0, 0.2941846798315811
17.0, 0.293557368288279
17.0, 0.29430431964352616
17.0, 0.29529320642691603
17.0, 0.29379618623038556
17.0, 0.29436415779405156
17.0, 0.29430431964352616
17.0, 0.29409498189085503
17.0, 0.2949632088559236
17.0, 0.2956536248546254
17.0, 0.2956536248546254
17.0, 0.29397542717833836
17.0, 0.2947534024373929
18.0, 0.2938260521306245
18.0, 0.2935872099114404
18.0, 0.2932293105599817
18.0, 0.29266352866832906
18.0, 0.29159451292258093
18.0, 0.2925742945319281
18.0, 0.291239042781033
18.0, 0.291239042781033
18.0, 0.29052940198406957
18.0, 0.2908248752700419
18.0, 0.2892328817502693
18.0, 0.29109105814732017
19.0, 0.29147597469408165
19.0, 0.2906180124353964
19.0, 0.2912094398369295
19.0, 0.29248508760332836
19.0, 0.29370660674272114
19.0, 0.2941846798315811
19.0, 0.29325911883437994
19.0, 0.29343803212501907
19.0, 0.29460363208421914
19.0, 0.29508316528213324
19.0, 0.29571373734678613
20.0, 0.2941846798315811
20.0, 0.2918614002250382
20.0, 0.29415477747868907
20.0, 0.2935872099114404
18.0, 0.29331874447397993
19.0, 0.29427440512986525
19.0, 0.29290161944443105
19.0, 0.29397542717833836
18.0, 0.29239590787423403
18.0, 0.2916834482290183
18.0, 0.2925742945319281
18.0, 0.29367675298348883
19.0, 0.29448387059657405
19.0, 0.2943342371981518
19.0, 0.29571373734678613
19.0, 0.29679785459676217
16.0, 0.29779511986322077
14.0, 0.2940351984582285
12.0, 0.2950231809722431
12.0, 0.300409827124774
10.0, 0.3026780601280419
9.0, 0.29992163768520286
9.0, 0.29992163768520286
9.0, 0.29992163768520286
9.0, 0.29992163768520286
9.0, 0.29992163768520286
9.0, 0.29992163768520286
9.0, 0.29992163768520286
9.0, 0.29992163768520286
9.0, 0.29992163768520286
9.0, 0.29992163768520286
9.0, 0.29992163768520286
9.0, 0.29992163768520286
9.0, 0.29992163768520286
9.0, 0.29992163768520286
9.0, 0.29992163768520286
9.0, 0.29992163768520286
9.0, 0.29992163768520286
9.0, 0.29992163768520286
9.0, 0.29992163768520286
9.0, 0.29992163768520286
9.0, 0.29992163768520286
9.0, 0.29992163768520286
9.0, 0.29992163768520286
9.0, 0.29992163768520286
9.0, 0.29992163768520286
9.0, 0.29992163768520286
9.0, 0.29992163768520286
9.0, 0.29992163768520286
9.0, 0.29992163768520286
9.0, 0.29992163768520286
9.0, 0.29992163768520286
9.0, 0.29992163768520286
9.0, 0.29992163768520286
9.0, 0.29992163768520286
9.0, 0.29992163768520286
9.0, 0.29992163768520286
9.0, 0.29992163768520286
9.0, 0.29992163768520286
9.0, 0.29992163768520286
9.0, 0.29992163768520286
9.0, 0.29992163768520286
9.0, 0.29992163768520286
9.0, 0.29992163768520286
9.0, 0.29992163768520286
9.0, 0.29992163768520286
9.0, 0.29992163768520286
9.0, 0.29992163768520286
9.0, 0.29992163768520286
9.0, 0.29992163768520286
9.0, 0.29992163768520286
9.0, 0.29992163768520286
9.0, 0.29992163768520286
9.0, 0.29992163768520286
9.0, 0.29992163768520286
9.0, 0.29992163768520286
9.0, 0.29992163768520286
9.0, 0.29992163768520286
9.0, 0.29992163768520286
9.0, 0.29992163768520286
9.0, 0.29992163768520286
9.0, 0.29992163768520286
9.0, 0.29992163768520286
9.0, 0.29992163768520286
9.0, 0.29992163768520286
9.0, 0.29992163768520286
9.0, 0.29992163768520286
9.0, 0.29992163768520286
9.0, 0.29992163768520286
9.0, 0.29992163768520286
9.0, 0.29992163768520286
9.0, 0.29992163768520286
9.0, 0.29992163768520286
9.0, 0.29992163768520286
9.0, 0.29992163768520286
9.0, 0.29992163768520286
9.0, 0.29992163768520286
9.0, 0.29992163768520286
9.0, 0.29992163768520286
9.0, 0.29992163768520286
9.0, 0.29992163768520286
9.0, 0.29992163768520286
9.0, 0.29992163768520286
9.0, 0.29992163768520286
9.0, 0.29992163768520286
9.0, 0.29992163768520286
9.0, 0.29992163768520286
9.0, 0.29992163768520286
9.0, 0.29992163768520286
9.0, 0.29992163768520286
9.0, 0.29992163768520286
9.0, 0.29992163768520286
9.0, 0.29992163768520286
9.0, 0.29992163768520286
9.0, 0.29992163768520286
9.0, 0.29992163768520286
9.0, 0.29992163768520286
9.0, 0.29992163768520286
9.0, 0.29992163768520286
9.0, 0.29992163768520286
9.0, 0.29992163768520286
9.0, 0.29992163768520286
9.0, 0.29992163768520286
9.0, 0.29992163768520286
9.0, 0.29992163768520286
9.0, 0.29992163768520286
9.0, 0.29992163768520286
9.0, 0.29992163768520286
9.0, 0.29992163768520286
9.0, 0.29992163768520286
9.0, 0.29992163768520286
9.0, 0.29992163768520286
9.0, 0.29992163768520286
9.0, 0.29992163768520286
9.0, 0.29992163768520286
9.0, 0.29992163768520286
9.0, 0.29992163768520286
9.0, 0.29992163768520286
9.0, 0.29992163768520286
9.0, 0.29992163768520286
9.0, 0.29992163768520286
9.0, 0.29992163768520286
9.0, 0.29992163768520286
9.0, 0.29992163768520286
9.0, 0.29992163768520286
9.0, 0.29992163768520286
9.0, 0.29992163768520286
9.0, 0.29992163768520286
9.0, 0.29992163768520286
9.0, 0.29992163768520286
9.0, 0.29992163768520286
9.0, 0.29992163768520286
9.0, 0.29992163768520286
9.0, 0.29992163768520286
9.0, 0.29992163768520286
9.0, 0.29992163768520286
9.0, 0.29992163768520286
9.0, 0.29992163768520286
9.0, 0.29992163768520286
9.0, 0.29992163768520286
9.0, 0.29992163768520286
9.0, 0.29992163768520286
9.0, 0.29992163768520286
9.0, 0.29992163768520286
9.0, 0.29992163768520286
9.0, 0.29992163768520286
9.0, 0.29992163768520286
9.0, 0.29992163768520286
9.0, 0.29992163768520286
9.0, 0.29992163768520286
9.0, 0.29992163768520286
9.0, 0.29992163768520286
9.0, 0.29992163768520286
9.0, 0.29992163768520286
9.0, 0.29992163768520286
9.0, 0.29992163768520286
9.0, 0.29992163768520286
9.0, 0.29992163768520286
9.0, 0.29992163768520286
9.0, 0.29992163768520286
9.0, 0.29992163768520286
9.0, 0.29992163768520286
9.0, 0.29992163768520286
9.0, 0.29992163768520286
9.0, 0.29992163768520286
9.0, 0.29992163768520286
9.0, 0.29992163768520286
9.0, 0.29992163768520286
9.0, 0.29992163768520286
9.0, 0.29992163768520286
9.0, 0.29992163768520286
9.0, 0.29992163768520286
9.0, 0.29992163768520286
9.0, 0.29992163768520286
9.0, 0.29992163768520286
9.0, 0.29992163768520286
9.0, 0.29992163768520286
9.0, 0.29992163768520286
9.0, 0.29992163768520286
9.0, 0.29992163768520286
9.0, 0.29992163768520286
9.0, 0.29992163768520286
9.0, 0.29992163768520286
9.0, 0.29992163768520286
9.0, 0.29992163768520286
9.0, 0.29992163768520286
9.0, 0.29992163768520286
9.0, 0.29992163768520286
9.0, 0.29992163768520286
9.0, 0.29992163768520286
9.0, 0.29992163768520286
9.0, 0.29992163768520286
9.0, 0.29992163768520286
9.0, 0.29992163768520286
9.0, 0.29992163768520286
9.0, 0.29992163768520286
9.0, 0.29992163768520286
9.0, 0.29992163768520286
9.0, 0.29992163768520286
9.0, 0.29992163768520286
9.0, 0.29992163768520286
9.0, 0.29992163768520286
9.0, 0.29992163768520286
9.0, 0.29992163768520286
9.0, 0.29992163768520286
9.0, 0.29992163768520286
9.0, 0.29992163768520286
9.0, 0.29992163768520286
9.0, 0.29992163768520286
9.0, 0.29992163768520286
9.0, 0.29992163768520286
9.0, 0.29992163768520286
9.0, 0.29992163768520286
9.0, 0.29992163768520286
9.0, 0.29992163768520286
9.0, 0.29992163768520286
9.0, 0.29992163768520286
9.0, 0.29992163768520286
9.0, 0.29992163768520286
9.0, 0.29992163768520286
9.0, 0.29992163768520286
9.0, 0.29992163768520286
9.0, 0.29992163768520286
9.0, 0.29992163768520286
9.0, 0.29992163768520286
9.0, 0.29992163768520286
9.0, 0.29992163768520286
9.0, 0.29992163768520286
9.0, 0.29992163768520286
9.0, 0.29992163768520286
9.0, 0.29992163768520286
9.0, 0.29992163768520286
9.0, 0.29992163768520286
9.0, 0.29992163768520286
9.0, 0.29992163768520286
9.0, 0.29992163768520286
9.0, 0.29992163768520286
9.0, 0.29992163768520286
9.0, 0.29992163768520286
9.0, 0.29992163768520286
9.0, 0.29992163768520286
9.0, 0.29992163768520286
9.0, 0.29992163768520286
9.0, 0.29992163768520286
9.0, 0.29992163768520286
9.0, 0.29992163768520286
9.0, 0.29992163768520286
9.0, 0.29992163768520286
9.0, 0.29992163768520286
9.0, 0.29992163768520286
9.0, 0.29992163768520286
9.0, 0.29992163768520286
9.0, 0.29992163768520286
9.0, 0.29992163768520286
9.0, 0.29992163768520286
9.0, 0.29992163768520286
9.0, 0.29992163768520286
9.0, 0.29992163768520286
9.0, 0.29992163768520286
9.0, 0.29992163768520286
9.0, 0.29992163768520286
9.0, 0.29992163768520286
9.0, 0.29992163768520286
9.0, 0.29992163768520286
9.0, 0.29992163768520286
9.0, 0.29992163768520286
9.0, 0.29992163768520286
9.0, 0.29992163768520286
9.0, 0.29992163768520286
9.0, 0.29992163768520286
9.0, 0.29992163768520286
9.0, 0.29992163768520286
9.0, 0.29992163768520286
9.0, 0.29992163768520286
9.0, 0.29992163768520286
9.0, 0.29992163768520286
9.0, 0.29992163768520286
9.0, 0.29992163768520286
9.0, 0.29992163768520286
9.0, 0.29992163768520286
9.0, 0.29992163768520286
9.0, 0.29992163768520286
9.0, 0.29992163768520286
9.0, 0.29992163768520286
9.0, 0.29992163768520286
9.0, 0.29992163768520286
9.0, 0.29992163768520286
9.0, 0.29992163768520286
9.0, 0.29992163768520286
9.0, 0.29992163768520286
9.0, 0.29992163768520286
9.0, 0.29992163768520286
9.0, 0.29992163768520286
9.0, 0.29992163768520286
9.0, 0.29992163768520286
9.0, 0.29992163768520286
9.0, 0.29992163768520286
9.0, 0.29992163768520286
9.0, 0.29992163768520286
9.0, 0.29992163768520286
9.0, 0.29992163768520286
9.0, 0.29992163768520286
9.0, 0.29992163768520286
9.0, 0.29992163768520286
9.0, 0.29992163768520286
9.0, 0.29992163768520286
9.0, 0.29992163768520286
9.0, 0.29992163768520286
9.0, 0.29992163768520286
9.0, 0.29992163768520286
9.0, 0.29992163768520286
9.0, 0.29992163768520286
9.0, 0.29992163768520286
9.0, 0.29992163768520286
9.0, 0.29992163768520286
9.0, 0.29992163768520286
9.0, 0.29992163768520286
9.0, 0.29992163768520286
9.0, 0.29992163768520286
9.0, 0.29992163768520286
9.0, 0.29992163768520286
9.0, 0.29992163768520286
9.0, 0.29992163768520286
9.0, 0.29992163768520286
9.0, 0.29992163768520286
9.0, 0.29992163768520286
9.0, 0.29992163768520286
9.0, 0.29992163768520286
9.0, 0.29992163768520286
9.0, 0.29992163768520286
9.0, 0.29992163768520286
9.0, 0.29992163768520286
9.0, 0.29992163768520286
9.0, 0.29992163768520286
9.0, 0.29992163768520286
9.0, 0.29992163768520286
9.0, 0.29992163768520286
9.0, 0.29992163768520286
9.0, 0.29992163768520286
9.0, 0.29992163768520286
9.0, 0.29992163768520286
9.0, 0.29992163768520286
9.0, 0.29992163768520286
9.0, 0.29992163768520286
9.0, 0.29992163768520286
9.0, 0.29992163768520286
9.0, 0.29992163768520286
9.0, 0.29992163768520286
9.0, 0.29992163768520286
9.0, 0.29992163768520286
9.0, 0.29992163768520286
9.0, 0.29992163768520286
9.0, 0.29992163768520286
9.0, 0.29992163768520286
9.0, 0.29992163768520286
9.0, 0.29992163768520286
9.0, 0.29992163768520286
9.0, 0.29992163768520286
9.0, 0.29992163768520286
9.0, 0.29992163768520286
9.0, 0.29992163768520286
9.0, 0.29992163768520286
9.0, 0.29992163768520286
9.0, 0.29992163768520286
9.0, 0.29992163768520286
9.0, 0.29992163768520286
9.0, 0.29992163768520286
9.0, 0.29992163768520286
9.0, 0.29992163768520286
9.0, 0.29992163768520286
9.0, 0.29992163768520286
9.0, 0.29992163768520286
9.0, 0.29992163768520286
9.0, 0.29992163768520286
9.0, 0.29992163768520286
9.0, 0.29992163768520286
9.0, 0.29992163768520286
9.0, 0.29992163768520286
9.0, 0.29992163768520286
9.0, 0.29992163768520286
9.0, 0.29992163768520286
9.0, 0.29992163768520286
9.0, 0.29992163768520286
9.0, 0.29992163768520286
9.0, 0.29992163768520286
9.0, 0.29992163768520286
9.0, 0.29992163768520286
9.0, 0.29992163768520286
9.0, 0.29992163768520286
9.0, 0.29992163768520286
9.0, 0.29992163768520286
9.0, 0.29992163768520286
9.0, 0.29992163768520286
9.0, 0.29992163768520286
9.0, 0.29992163768520286
9.0, 0.29992163768520286
9.0, 0.29992163768520286
9.0, 0.29992163768520286
9.0, 0.29992163768520286
9.0, 0.29992163768520286
9.0, 0.29992163768520286
9.0, 0.29992163768520286
9.0, 0.29992163768520286
9.0, 0.29992163768520286
9.0, 0.29992163768520286
9.0, 0.29992163768520286
9.0, 0.29992163768520286
9.0, 0.29992163768520286
9.0, 0.29992163768520286
9.0, 0.29992163768520286
9.0, 0.29992163768520286
9.0, 0.29992163768520286
9.0, 0.29992163768520286
9.0, 0.29992163768520286
9.0, 0.29992163768520286
9.0, 0.29992163768520286
9.0, 0.29992163768520286
9.0, 0.29992163768520286
9.0, 0.29992163768520286
9.0, 0.29992163768520286
9.0, 0.29992163768520286
9.0, 0.29992163768520286
9.0, 0.29992163768520286
9.0, 0.29992163768520286
9.0, 0.29992163768520286
9.0, 0.29992163768520286
9.0, 0.29992163768520286
9.0, 0.29992163768520286
9.0, 0.29992163768520286
9.0, 0.29992163768520286
9.0, 0.29992163768520286
9.0, 0.29992163768520286
9.0, 0.29992163768520286
9.0, 0.29992163768520286
9.0, 0.29992163768520286
9.0, 0.29992163768520286
9.0, 0.29992163768520286
9.0, 0.29992163768520286
9.0, 0.29992163768520286
9.0, 0.29992163768520286
9.0, 0.29992163768520286
9.0, 0.29992163768520286
9.0, 0.29992163768520286
9.0, 0.29992163768520286
9.0, 0.29992163768520286
9.0, 0.29992163768520286
9.0, 0.29992163768520286
9.0, 0.29992163768520286
9.0, 0.29992163768520286
9.0, 0.29992163768520286
9.0, 0.29992163768520286
9.0, 0.29992163768520286
9.0, 0.29992163768520286
9.0, 0.29992163768520286
9.0, 0.29992163768520286
9.0, 0.29992163768520286
9.0, 0.29992163768520286
9.0, 0.29992163768520286
9.0, 0.29992163768520286
9.0, 0.29992163768520286
9.0, 0.29992163768520286
9.0, 0.29992163768520286
9.0, 0.29992163768520286
9.0, 0.29992163768520286
9.0, 0.29992163768520286
9.0, 0.29992163768520286
9.0, 0.29992163768520286
9.0, 0.29992163768520286
9.0, 0.29992163768520286
9.0, 0.29992163768520286
9.0, 0.29992163768520286
9.0, 0.29992163768520286
9.0, 0.29992163768520286
9.0, 0.29992163768520286
9.0, 0.29992163768520286
9.0, 0.29992163768520286
9.0, 0.29992163768520286
9.0, 0.29992163768520286
9.0, 0.29992163768520286
9.0, 0.29992163768520286
9.0, 0.29992163768520286
9.0, 0.29992163768520286
9.0, 0.29992163768520286
9.0, 0.29992163768520286
9.0, 0.29992163768520286
9.0, 0.29992163768520286
9.0, 0.29992163768520286
9.0, 0.29992163768520286
9.0, 0.29992163768520286
9.0, 0.29992163768520286
9.0, 0.29992163768520286
9.0, 0.29992163768520286
9.0, 0.29992163768520286
9.0, 0.29992163768520286
9.0, 0.29992163768520286
9.0, 0.29992163768520286
9.0, 0.29992163768520286
9.0, 0.29992163768520286
9.0, 0.29992163768520286
9.0, 0.29992163768520286
9.0, 0.29992163768520286
9.0, 0.29992163768520286
9.0, 0.29992163768520286
9.0, 0.29992163768520286
9.0, 0.29992163768520286
9.0, 0.29992163768520286
9.0, 0.29992163768520286
9.0, 0.29992163768520286
9.0, 0.29992163768520286
9.0, 0.29992163768520286
9.0, 0.29992163768520286
9.0, 0.29992163768520286
9.0, 0.29992163768520286
9.0, 0.29992163768520286
9.0, 0.29992163768520286
9.0, 0.29992163768520286
9.0, 0.29992163768520286
9.0, 0.29992163768520286
9.0, 0.29992163768520286
9.0, 0.29992163768520286
9.0, 0.29992163768520286
9.0, 0.29992163768520286
9.0, 0.29992163768520286
9.0, 0.29992163768520286
9.0, 0.29992163768520286
9.0, 0.29992163768520286
9.0, 0.29992163768520286
9.0, 0.29992163768520286
9.0, 0.29992163768520286
9.0, 0.29992163768520286
9.0, 0.29992163768520286
9.0, 0.29992163768520286
9.0, 0.29992163768520286
9.0, 0.29992163768520286
9.0, 0.29992163768520286
9.0, 0.29992163768520286
9.0, 0.29992163768520286
9.0, 0.29992163768520286
9.0, 0.29992163768520286
9.0, 0.29992163768520286
9.0, 0.29992163768520286
9.0, 0.29992163768520286
9.0, 0.29992163768520286
9.0, 0.29992163768520286
9.0, 0.29992163768520286
9.0, 0.29992163768520286
9.0, 0.29992163768520286
9.0, 0.29992163768520286
9.0, 0.29992163768520286
9.0, 0.29992163768520286
9.0, 0.29992163768520286
9.0, 0.29992163768520286
9.0, 0.29992163768520286
9.0, 0.29992163768520286
9.0, 0.29992163768520286
9.0, 0.29992163768520286
9.0, 0.29992163768520286
9.0, 0.29992163768520286
9.0, 0.29992163768520286
9.0, 0.29992163768520286
9.0, 0.29992163768520286
9.0, 0.29992163768520286
9.0, 0.29992163768520286
9.0, 0.29992163768520286
9.0, 0.29992163768520286
9.0, 0.29992163768520286
9.0, 0.29992163768520286
9.0, 0.29992163768520286
9.0, 0.29992163768520286
9.0, 0.29992163768520286
9.0, 0.29992163768520286
9.0, 0.29992163768520286
9.0, 0.29992163768520286
9.0, 0.29992163768520286
9.0, 0.29992163768520286
9.0, 0.29992163768520286
9.0, 0.29992163768520286
9.0, 0.29992163768520286
9.0, 0.29992163768520286
9.0, 0.29992163768520286
9.0, 0.29992163768520286
9.0, 0.29992163768520286
9.0, 0.29992163768520286
9.0, 0.29992163768520286
9.0, 0.29992163768520286
9.0, 0.29992163768520286
9.0, 0.29992163768520286
9.0, 0.29992163768520286
9.0, 0.29992163768520286
9.0, 0.29992163768520286
9.0, 0.29992163768520286
9.0, 0.29992163768520286
9.0, 0.29992163768520286
9.0, 0.29992163768520286
9.0, 0.29992163768520286
9.0, 0.29992163768520286
9.0, 0.29992163768520286
9.0, 0.29992163768520286
9.0, 0.29992163768520286
9.0, 0.29992163768520286
9.0, 0.29992163768520286
9.0, 0.29992163768520286
9.0, 0.29992163768520286
9.0, 0.29992163768520286
9.0, 0.29992163768520286
9.0, 0.29992163768520286
9.0, 0.29992163768520286
9.0, 0.29992163768520286
9.0, 0.29992163768520286
9.0, 0.29992163768520286
9.0, 0.29992163768520286
9.0, 0.29992163768520286
9.0, 0.29992163768520286
9.0, 0.29992163768520286
9.0, 0.29992163768520286
9.0, 0.29992163768520286
9.0, 0.29992163768520286
9.0, 0.29992163768520286
9.0, 0.29992163768520286
9.0, 0.29992163768520286
9.0, 0.29992163768520286
9.0, 0.29992163768520286
9.0, 0.29992163768520286
9.0, 0.29992163768520286
9.0, 0.29992163768520286
9.0, 0.29992163768520286
9.0, 0.29992163768520286
9.0, 0.29992163768520286
9.0, 0.29992163768520286
9.0, 0.29992163768520286
9.0, 0.29992163768520286
9.0, 0.29992163768520286
9.0, 0.29992163768520286
9.0, 0.29992163768520286
9.0, 0.29992163768520286
9.0, 0.29992163768520286
9.0, 0.29992163768520286
9.0, 0.29992163768520286
9.0, 0.29992163768520286
9.0, 0.29992163768520286
9.0, 0.29992163768520286
9.0, 0.29992163768520286
9.0, 0.29992163768520286
9.0, 0.29992163768520286
9.0, 0.29992163768520286
9.0, 0.29992163768520286
9.0, 0.29992163768520286
9.0, 0.29992163768520286
9.0, 0.29992163768520286
9.0, 0.29992163768520286
9.0, 0.29992163768520286
9.0, 0.29992163768520286
9.0, 0.29992163768520286
9.0, 0.29992163768520286
9.0, 0.29992163768520286
9.0, 0.29992163768520286
9.0, 0.29992163768520286
9.0, 0.29992163768520286
9.0, 0.29992163768520286
9.0, 0.29992163768520286
9.0, 0.29992163768520286
9.0, 0.29992163768520286
9.0, 0.29992163768520286
9.0, 0.29992163768520286
9.0, 0.29992163768520286
9.0, 0.29992163768520286
9.0, 0.29992163768520286
9.0, 0.29992163768520286
9.0, 0.29992163768520286
9.0, 0.29992163768520286
9.0, 0.29992163768520286
9.0, 0.29992163768520286
9.0, 0.29992163768520286
9.0, 0.29992163768520286
9.0, 0.29992163768520286
9.0, 0.29992163768520286
9.0, 0.29992163768520286
9.0, 0.29992163768520286
9.0, 0.29992163768520286
9.0, 0.29992163768520286
9.0, 0.29992163768520286
9.0, 0.29992163768520286
9.0, 0.29992163768520286
9.0, 0.29992163768520286
9.0, 0.29992163768520286
9.0, 0.29992163768520286
9.0, 0.29992163768520286
9.0, 0.29992163768520286
9.0, 0.29992163768520286
9.0, 0.29992163768520286
9.0, 0.29992163768520286
9.0, 0.29992163768520286
9.0, 0.29992163768520286
9.0, 0.29992163768520286
9.0, 0.29992163768520286
9.0, 0.29992163768520286
9.0, 0.29992163768520286
9.0, 0.29992163768520286
9.0, 0.29992163768520286
9.0, 0.29992163768520286
9.0, 0.29992163768520286
9.0, 0.29992163768520286
9.0, 0.29992163768520286
9.0, 0.29992163768520286
9.0, 0.29992163768520286
9.0, 0.29992163768520286
9.0, 0.29992163768520286
9.0, 0.29992163768520286
9.0, 0.29992163768520286
9.0, 0.29992163768520286
9.0, 0.29992163768520286
9.0, 0.29992163768520286
9.0, 0.29992163768520286
9.0, 0.29992163768520286
9.0, 0.29992163768520286
9.0, 0.29992163768520286
9.0, 0.29992163768520286
9.0, 0.29992163768520286
9.0, 0.29992163768520286
9.0, 0.29992163768520286
9.0, 0.29992163768520286
9.0, 0.29992163768520286
9.0, 0.29992163768520286
9.0, 0.29992163768520286
9.0, 0.29992163768520286
9.0, 0.29992163768520286
9.0, 0.29992163768520286
9.0, 0.29992163768520286
9.0, 0.29992163768520286
9.0, 0.29992163768520286
9.0, 0.29992163768520286
9.0, 0.29992163768520286
9.0, 0.29992163768520286
9.0, 0.29992163768520286
9.0, 0.29992163768520286
9.0, 0.29992163768520286
9.0, 0.29992163768520286
9.0, 0.29992163768520286
9.0, 0.29992163768520286
9.0, 0.29992163768520286
9.0, 0.29992163768520286
9.0, 0.29992163768520286
9.0, 0.29992163768520286
9.0, 0.29992163768520286
9.0, 0.29992163768520286
9.0, 0.29992163768520286
9.0, 0.29992163768520286
9.0, 0.29992163768520286
9.0, 0.29992163768520286
9.0, 0.29992163768520286
9.0, 0.29992163768520286
9.0, 0.29992163768520286
9.0, 0.29992163768520286
9.0, 0.29992163768520286
9.0, 0.29992163768520286
9.0, 0.29992163768520286
9.0, 0.29992163768520286
9.0, 0.29992163768520286
9.0, 0.29992163768520286
9.0, 0.29992163768520286
9.0, 0.29992163768520286
9.0, 0.29992163768520286
9.0, 0.29992163768520286
9.0, 0.29992163768520286
9.0, 0.29992163768520286
9.0, 0.29992163768520286
9.0, 0.29992163768520286
9.0, 0.29992163768520286
9.0, 0.29992163768520286
9.0, 0.29992163768520286
9.0, 0.29992163768520286
9.0, 0.29992163768520286
9.0, 0.29992163768520286
9.0, 0.29992163768520286
9.0, 0.29992163768520286
9.0, 0.29992163768520286
9.0, 0.29992163768520286
9.0, 0.29992163768520286
9.0, 0.29992163768520286
9.0, 0.29992163768520286
9.0, 0.29992163768520286
9.0, 0.29992163768520286
9.0, 0.29992163768520286
9.0, 0.29992163768520286
9.0, 0.29992163768520286
9.0, 0.29992163768520286
9.0, 0.29992163768520286
9.0, 0.29992163768520286
9.0, 0.29992163768520286
9.0, 0.29992163768520286
9.0, 0.29992163768520286
9.0, 0.29992163768520286
9.0, 0.29992163768520286
9.0, 0.29992163768520286
9.0, 0.29992163768520286
9.0, 0.29992163768520286
9.0, 0.29992163768520286
9.0, 0.29992163768520286
9.0, 0.29992163768520286
9.0, 0.29992163768520286
9.0, 0.29992163768520286
9.0, 0.29992163768520286
9.0, 0.29992163768520286
9.0, 0.29992163768520286
9.0, 0.29992163768520286
9.0, 0.29992163768520286
9.0, 0.29992163768520286
9.0, 0.29992163768520286
9.0, 0.29992163768520286
9.0, 0.29992163768520286
9.0, 0.29992163768520286
9.0, 0.29992163768520286
9.0, 0.29992163768520286
9.0, 0.29992163768520286
9.0, 0.29992163768520286
9.0, 0.29992163768520286
9.0, 0.29992163768520286
9.0, 0.29992163768520286
9.0, 0.29992163768520286
9.0, 0.29992163768520286
9.0, 0.29992163768520286
9.0, 0.29992163768520286
9.0, 0.29992163768520286
9.0, 0.29992163768520286
9.0, 0.29992163768520286
9.0, 0.29992163768520286
9.0, 0.29992163768520286
9.0, 0.29992163768520286
9.0, 0.29992163768520286
9.0, 0.29992163768520286
9.0, 0.29992163768520286
9.0, 0.29992163768520286
9.0, 0.29992163768520286
9.0, 0.29992163768520286
9.0, 0.29992163768520286
9.0, 0.29992163768520286
9.0, 0.29992163768520286
9.0, 0.29992163768520286
9.0, 0.29992163768520286
9.0, 0.29992163768520286
9.0, 0.29992163768520286
9.0, 0.29992163768520286
9.0, 0.29992163768520286
9.0, 0.29992163768520286
9.0, 0.29992163768520286
9.0, 0.29992163768520286
9.0, 0.29992163768520286
9.0, 0.29992163768520286
9.0, 0.29992163768520286
9.0, 0.29992163768520286
9.0, 0.29992163768520286
9.0, 0.29992163768520286
9.0, 0.29992163768520286
9.0, 0.29992163768520286
9.0, 0.29992163768520286
9.0, 0.29992163768520286
9.0, 0.29992163768520286
9.0, 0.29992163768520286
9.0, 0.29992163768520286
9.0, 0.29992163768520286
9.0, 0.29992163768520286
9.0, 0.29992163768520286
9.0, 0.29992163768520286
9.0, 0.29992163768520286
9.0, 0.29992163768520286
9.0, 0.29992163768520286
9.0, 0.29992163768520286
9.0, 0.29992163768520286
9.0, 0.29992163768520286
9.0, 0.29992163768520286
9.0, 0.29992163768520286
9.0, 0.29992163768520286
9.0, 0.29992163768520286
9.0, 0.29992163768520286
9.0, 0.29992163768520286
