-157.0, 0.6651077002592177
-157.0, 0.664702174750404
-157.0, 0.664837322439828
-157.0, 0.6645670545337127
-157.0, 0.6651077002592177
-157.0, 0.664702174750404
-157.0, 0.6639593533839556
-157.0, 0.6628803675607258
-156.0, 0.6611979614393481
-156.0, 0.657110788958085
-154.0, 0.6550433933430317
-151.0, 0.6497381806988334
-147.0, 0.6488801512263318
-143.0, 0.6414042624766543
-137.0, 0.6432978156158874
-130.0, 0.6350465052464045
-124.0, 0.6367918160832531
-117.0, 0.6401016122037058
-111.0, 0.642382989593334
-106.0, 0.6369860353596468
-101.0, 0.6365329491620453
-97.0, 0.6300313202419034
-94.0, 0.6272834945219203
-92.0, 0.6209394560017809
-90.0, 0.6200564255313031
-89.0, 0.611294893089613
-86.0, 0.6085669206630807
-84.0, 0.604805085152084
-81.0, 0.6009443188983943
-79.0, 0.5998457763861984
-77.0, 0.5888504713934425
-75.0, 0.5861034927779107
-72.0, 0.5788210907346543
-70.0, 0.5762966138883624
-67.0, 0.5665962295292836
-65.0, 0.5633228349092219
-63.0, 0.5560408055416485
-62.0, 0.5505291919485364
-60.0, 0.5407675843870298
-58.0, 0.5401632630364698
-57.0, 0.5324223859199814
-56.0, 0.5246857609511768
-55.0, 0.5178505477740682
-53.0, 0.5128217314953206
-52.0, 0.5075837047682574
-50.0, 0.4992936166465704
-49.0, 0.49389245093100487
-48.0, 0.4841498096138564
-47.0, 0.4830192137197923
-46.0, 0.4724814008220827
-45.0, 0.46999054750930563
-44.0, 0.46039169260436896
-43.0, 0.45504116292205565
-43.0, 0.4446615063453116
-42.0, 0.443803538130181
-41.0, 0.4390919009857847
-40.0, 0.4325795252239752
-40.0, 0.4247365875698853
-39.0, 0.41924605157081607
-38.0, 0.41618887464822896
-37.0, 0.4084354696626391
-36.0, 0.4080205059487655
-36.0, 0.398835014076065
-35.0, 0.39640992216034787
-34.0, 0.3859919571387085
-33.0, 0.3877222112491198
-33.0, 0.3803057874058228
-32.0, 0.3769190461979769
-31.0, 0.37295539678157447
-30.0, 0.36824651175985046
-29.0, 0.36589581441860064
-30.0, 0.364374061996029
-30.0, 0.360395767878409
-28.0, 0.36032250686603357
-27.0, 0.35660587588585935
-26.0, 0.35505057098882653
-25.0, 0.351209770891688
-22.0, 0.3508172851562204
-22.0, 0.34893235661155814
-21.0, 0.3463879129747488
-21.0, 0.34797600728680217
-20.0, 0.3439669003459956
-20.0, 0.34358250870018225
-20.0, 0.3419101840446566
-20.0, 0.3381771541289486
-18.0, 0.33931345725412054
-17.0, 0.33779923266987405
-16.0, 0.3350293308671009
-15.0, 0.32935654350281
-15.0, 0.32895503931823106
-14.0, 0.32639034187862925
-14.0, 0.3213861092366662
-15.0, 0.320082006354327
-14.0, 0.3168126478206173
-14.0, 0.31729607636556006
-14.0, 0.31466231024448404
-14.0, 0.3109105756780439
-14.0, 0.31278081786179884
-14.0, 0.31405517367692226
-14.0, 0.3151104249585905
-14.0, 0.3164264353516781
-14.0, 0.31539883563700294
-13.0, 0.31761877180935894
-12.0, 0.3106578459717285
-12.0, 0.3155591778387259
-10.0, 0.3111635109877435
-9.0, 0.3138317872028404
-8.0, 0.30801655539747635
-7.0, 0.303880363496767
-7.0, 0.30577047317104206
-12.0, 0.30836115673098113
-24.0, 0.308768909934943
-38.0, 0.2891153035658144
-50.0, 0.28674460250108197
-60.0, 0.281345480694435
-67.0, 0.27286761008551685
-63.0, 0.2727844117941255
-64.0, 0.27403505408434503
-66.0, 0.27677855134329077
-66.0, 0.27512358117657965
-64.0, 0.28040330247505874
-61.0, 0.2818893823517392
-58.0, 0.2786133512425115
-53.0, 0.28003300824754146
-48.0, 0.27234111581279197
-43.0, 0.2693950346921351
-39.0, 0.263196521405543
-34.0, 0.2606671308993812
-31.0, 0.257297507683812
-30.0, 0.256409796660155
-30.0, 0.253971443318857
-29.0, 0.2536618378190798
-29.0, 0.256435862040736
-29.0, 0.2580308710044508
-29.0, 0.25732366330480494
-29.0, 0.25963580078647125
-28.0, 0.25627950949303346
-25.0, 0.2595302543289204
-25.0, 0.2590294942993214
-24.0, 0.25750682711480594
-22.0, 0.2604287686241664
-18.0, 0.263196521405543
-16.0, 0.2627153910266818
-15.0, 0.2693676520786036
-13.0, 0.26367853291451443
-13.0, 0.26440320582766036
-13.0, 0.26510292129205465
-13.0, 0.26653500419909515
-13.0, 0.2659396179484699
-13.0, 0.26621008301069365
-13.0, 0.26550744529190723
-13.0, 0.2652376940980395
-13.0, 0.26521073405670176
-13.0, 0.2689845876071042
-12.0, 0.27043763923057185
-12.0, 0.27115332419260396
-12.0, 0.27286761008551685
-12.0, 0.2742022390417014
-12.0, 0.2742301131159758
-12.0, 0.2746764838622443
-12.0, 0.2741186338172601
-12.0, 0.2741743678006826
-12.0, 0.27434163775139064
-12.0, 0.2728121417389349
-11.0, 0.2685474666369481
-11.0, 0.2688479109263565
-11.0, 0.26841101206648493
-10.0, 0.2698061080837181
-11.0, 0.27655356651656743
-18.0, 0.29281231271331737
-37.0, 0.2970393087740827
-57.0, 0.28361387920222714
-77.0, 0.27551538826916433
-96.0, 0.2354246566148558
-96.0, 0.2351137601646706
-89.0, 0.23354168480379778
-87.0, 0.2335654255226597
-89.0, 0.22935405076417809
-89.0, 0.22650430079937608
-87.0, 0.23101532095883281
-80.0, 0.23047584956350115
-75.0, 0.2326886241594469
-69.0, 0.23249947868725282
-63.0, 0.2385805723459312
-56.0, 0.23720222155348555
-51.0, 0.23746759755495453
-46.0, 0.2375158796252436
-43.0, 0.24057752402439375
-41.0, 0.23698531633409559
-39.0, 0.2376124732180459
-39.0, 0.2379992405784495
-39.0, 0.23862908070699693
-38.0, 0.2418033718371812
-37.0, 0.2409936134228843
-35.0, 0.24217234275110655
-34.0, 0.24449741415835036
-32.0, 0.25119854259847074
-29.0, 0.25124961645366245
-28.0, 0.25155627773050165
-26.0, 0.25386819952089007
-24.0, 0.2568010557079271
-24.0, 0.2563576738469574
-23.0, 0.2608261602735948
-22.0, 0.258818937138702
-22.0, 0.2598206103833577
-21.0, 0.26151640946059207
-20.0, 0.26615596800179464
-19.0, 0.2656424237494717
-18.0, 0.2663183460388279
-17.0, 0.26486050278970175
-16.0, 0.27024527777389074
-15.0, 0.267294696733646
-15.0, 0.26892990859875315
-16.0, 0.2733395466066381
-16.0, 0.2728398745026365
-16.0, 0.2756554545565823
-16.0, 0.27728543664128585
-16.0, 0.2788683572952538
-16.0, 0.2792371114774478
-15.0, 0.27909522527542474
-15.0, 0.27799098436402636
-15.0, 0.2804603142615037
-14.0, 0.285348925898057
-13.0, 0.2813740809161292
-13.0, 0.2823482202690482
-13.0, 0.2834409558356427
-12.0, 0.2859296303504751
-12.0, 0.28961534118671406
-11.0, 0.2867737515714026
-10.0, 0.2875326683482577
-10.0, 0.28724053989032444
-10.0, 0.2871237716274016
-11.0, 0.2963456568997931
-25.0, 0.34996247442943884
-49.0, 0.3212881174847062
-68.0, 0.30673552150504685
-83.0, 0.27957793273065096
-93.0, 0.24549356444545964
-91.0, 0.24626837161673445
-92.0, 0.2437034050460943
-93.0, 0.24268984809243757
-93.0, 0.2403819659065646
-92.0, 0.245518520134637
-88.0, 0.25296660470951565
-82.0, 0.2526582241646222
-76.0, 0.26566942767429713
-68.0, 0.26675183861743507
-61.0, 0.2730618381267597
-54.0, 0.2735897257115793
-49.0, 0.2751795194865693
-45.0, 0.2796916322316414
-42.0, 0.2841621661644056
-40.0, 0.2846536371165346
-38.0, 0.2854649723619745
-38.0, 0.2863368264791106
-38.0, 0.2865406419518422
-37.0, 0.28949760752586284
-35.0, 0.29224733541323183
-34.0, 0.29782539227572413
-31.0, 0.29655659669016404
-29.0, 0.29740185839698685
-27.0, 0.29779511986322077
-24.0, 0.3002571826242074
-22.0, 0.2997997143360166
-21.0, 0.2992820928064086
-19.0, 0.3024320223820518
-18.0, 0.3001046156854962
-17.0, 0.30203263752775106
-17.0, 0.3017564493239609
-17.0, 0.3025550162453103
-16.0, 0.3014498697386957
-17.0, 0.30206334070581836
-17.0, 0.30178712442607036
-17.0, 0.3015418108944877
-17.0, 0.30059310296262287
-17.0, 0.3018791684433623
-17.0, 0.30369508336998835
-17.0, 0.3043440585006517
-17.0, 0.303633348435108
-16.0, 0.3031091079147157
-16.0, 0.3055219216969859
-15.0, 0.30549086697202854
-14.0, 0.30332486195124164
-13.0, 0.3076097957358151
-12.0, 0.30726603406708397
-11.0, 0.30764106586082884
-12.0, 0.310499994238983
-11.0, 0.31018453135601254
-10.0, 0.3143745730682032
-10.0, 0.31459834589900737
-15.0, 0.33755895712003925
-23.0, 0.3141828944744178
-28.0, 0.3438620236316249
-50.0, 0.3621585077922673
-74.0, 0.3234179769074134
-81.0, 0.2880592484664484
-77.0, 0.28384460781033155
-75.0, 0.2818034332903403
-73.0, 0.2827215759558285
-70.0, 0.2871821498241161
-66.0, 0.2898214903167444
-60.0, 0.29397542717833836
-53.0, 0.2952331794200014
-47.0, 0.2985528540998533
-42.0, 0.30148051367540635
-38.0, 0.30184848398545405
-36.0, 0.2983404943777586
-33.0, 0.29770432108666556
-32.0, 0.2977648505277517
-32.0, 0.2966470454147931
-31.0, 0.2953832698219341
-31.0, 0.29427440512986525
-31.0, 0.29463358006550083
-30.0, 0.2947833656436048
-30.0, 0.2953532456385617
-29.0, 0.2947234422767861
-29.0, 0.29731117952723213
-26.0, 0.3023398097976549
-24.0, 0.3032632022747255
-20.0, 0.3096489798397717
-17.0, 0.3062059249036019
-14.0, 0.30586373209576745
-12.0, 0.31281261364792795
-10.0, 0.3104368760063399
-9.0, 0.3075785287892481
-10.0, 0.30898869263672496
-10.0, 0.3084865618704451
-11.0, 0.32141877979512307
-25.0, 0.3605056873269396
-49.0, 0.32818685721963325
-61.0, 0.291239042781033
-56.0, 0.29655659669016404
-55.0, 0.2921285318010639
-55.0, 0.2936170545681568
-57.0, 0.29466353109114957
-57.0, 0.29239590787423403
-58.0, 0.29325911883437994
-57.0, 0.2965867432003881
-58.0, 0.3003792920178199
-55.0, 0.3042821916425377
-52.0, 0.3044987806838288
-49.0, 0.31078418513491196
-45.0, 0.31018453135601254
-41.0, 0.31072100913213224
-37.0, 0.3135448094831168
-32.0, 0.30873752517040587
-28.0, 0.30689145945822743
-25.0, 0.30645503283529074
-22.0, 0.30031823111480377
-21.0, 0.3008682263920142
-20.0, 0.3028935073433688
-19.0, 0.3038494756277201
-19.0, 0.300409827124774
-19.0, 0.29731117952723213
-19.0, 0.2958039290022637
-19.0, 0.29592422733478974
-19.0, 0.2956235731910606
-18.0, 0.2947833656436048
-19.0, 0.2952031704925429
-18.0, 0.2975530513101615
-18.0, 0.30138859120935135
-16.0, 0.29709970300442196
-16.0, 0.30053199859625995
-16.0, 0.3015418108944877
-14.0, 0.30614367956652183
-13.0, 0.3056151048143811
-12.0, 0.3095545667797325
-12.0, 0.31341734807824057
-11.0, 0.31774794186046845
-11.0, 0.31923717850924355
-11.0, 0.31742511518202393
-10.0, 0.3139275048001467
-10.0, 0.3136404395532225
-10.0, 0.3137998878229846
-10.0, 0.3141828944744178
-9.0, 0.3162013622064981
-9.0, 0.31626565247831934
-9.0, 0.31652294430759376
-9.0, 0.31243127744603266
-9.0, 0.31160664301603846
-9.0, 0.3105631253048672
-8.0, 0.309397275646162
-8.0, 0.30892588162046797
-8.0, 0.3090201029337327
-8.0, 0.30717234757556905
-8.0, 0.30717234757556905
-8.0, 0.30717234757556905
-8.0, 0.30717234757556905
-8.0, 0.30717234757556905
-8.0, 0.30717234757556905
-8.0, 0.30717234757556905
-8.0, 0.30717234757556905
-8.0, 0.30717234757556905
-8.0, 0.30717234757556905
-8.0, 0.30717234757556905
-8.0, 0.30717234757556905
-8.0, 0.30717234757556905
-8.0, 0.30717234757556905
-8.0, 0.30717234757556905
-8.0, 0.30717234757556905
-8.0, 0.30717234757556905
-8.0, 0.30717234757556905
-8.0, 0.30717234757556905
-8.0, 0.30717234757556905
-8.0, 0.30717234757556905
-8.0, 0.30717234757556905
-8.0, 0.30717234757556905
-8.0, 0.30717234757556905
-8.0, 0.30717234757556905
-8.0, 0.30717234757556905
-8.0, 0.30717234757556905
-8.0, 0.30717234757556905
-8.0, 0.30717234757556905
-8.0, 0.30717234757556905
-8.0, 0.30717234757556905
-8.0, 0.30717234757556905
-8.0, 0.30717234757556905
-8.0, 0.30717234757556905
-8.0, 0.30717234757556905
-8.0, 0.30717234757556905
-8.0, 0.30717234757556905
-8.0, 0.30717234757556905
-8.0, 0.30717234757556905
-8.0, 0.30717234757556905
-8.0, 0.30717234757556905
-8.0, 0.30717234757556905
-8.0, 0.30717234757556905
-8.0, 0.30717234757556905
-8.0, 0.30717234757556905
-8.0, 0.30717234757556905
-8.0, 0.30717234757556905
-8.0, 0.30717234757556905
-8.0, 0.30717234757556905
-8.0, 0.30717234757556905
-8.0, 0.30717234757556905
-8.0, 0.30717234757556905
-8.0, 0.30717234757556905
-8.0, 0.30717234757556905
-8.0, 0.30717234757556905
-8.0, 0.30717234757556905
-8.0, 0.30717234757556905
-8.0, 0.30717234757556905
-8.0, 0.30717234757556905
-8.0, 0.30717234757556905
-8.0, 0.30717234757556905
-8.0, 0.30717234757556905
-8.0, 0.30717234757556905
-8.0, 0.30717234757556905
-8.0, 0.30717234757556905
-8.0, 0.30717234757556905
-8.0, 0.30717234757556905
-8.0, 0.30717234757556905
-8.0, 0.30717234757556905
-8.0, 0.30717234757556905
-8.0, 0.30717234757556905
-8.0, 0.30717234757556905
-8.0, 0.30717234757556905
-8.0, 0.30717234757556905
-8.0, 0.30717234757556905
-8.0, 0.30717234757556905
-8.0, 0.30717234757556905
-8.0, 0.30717234757556905
-8.0, 0.30717234757556905
-8.0, 0.30717234757556905
-8.0, 0.30717234757556905
-8.0, 0.30717234757556905
-8.0, 0.30717234757556905
-8.0, 0.30717234757556905
-8.0, 0.30717234757556905
-8.0, 0.30717234757556905
-8.0, 0.30717234757556905
-8.0, 0.30717234757556905
-8.0, 0.30717234757556905
-8.0, 0.30717234757556905
-8.0, 0.30717234757556905
-8.0, 0.30717234757556905
-8.0, 0.30717234757556905
-8.0, 0.30717234757556905
-8.0, 0.30717234757556905
-8.0, 0.30717234757556905
-8.0, 0.30717234757556905
-8.0, 0.30717234757556905
-8.0, 0.30717234757556905
-8.0, 0.30717234757556905
-8.0, 0.30717234757556905
-8.0, 0.30717234757556905
-8.0, 0.30717234757556905
-8.0, 0.30717234757556905
-8.0, 0.30717234757556905
-8.0, 0.30717234757556905
-8.0, 0.30717234757556905
-8.0, 0.30717234757556905
-8.0, 0.30717234757556905
-8.0, 0.30717234757556905
-8.0, 0.30717234757556905
-8.0, 0.30717234757556905
-8.0, 0.30717234757556905
-8.0, 0.30717234757556905
-8.0, 0.30717234757556905
-8.0, 0.30717234757556905
-8.0, 0.30717234757556905
-8.0, 0.30717234757556905
-8.0, 0.30717234757556905
-8.0, 0.30717234757556905
-8.0, 0.30717234757556905
-8.0, 0.30717234757556905
-8.0, 0.30717234757556905
-8.0, 0.30717234757556905
-8.0, 0.30717234757556905
-8.0, 0.30717234757556905
-8.0, 0.30717234757556905
-8.0, 0.30717234757556905
-8.0, 0.30717234757556905
-8.0, 0.30717234757556905
-8.0, 0.30717234757556905
-8.0, 0.30717234757556905
-8.0, 0.30717234757556905
-8.0, 0.30717234757556905
-8.0, 0.30717234757556905
-8.0, 0.30717234757556905
-8.0, 0.30717234757556905
-8.0, 0.30717234757556905
-8.0, 0.30717234757556905
-8.0, 0.30717234757556905
-8.0, 0.30717234757556905
-8.0, 0.30717234757556905
-8.0, 0.30717234757556905
-8.0, 0.30717234757556905
-8.0, 0.30717234757556905
-8.0, 0.30717234757556905
-8.0, 0.30717234757556905
-8.0, 0.30717234757556905
-8.0, 0.30717234757556905
-8.0, 0.30717234757556905
-8.0, 0.30717234757556905
-8.0, 0.30717234757556905
-8.0, 0.30717234757556905
-8.0, 0.30717234757556905
-8.0, 0.30717234757556905
-8.0, 0.30717234757556905
-8.0, 0.30717234757556905
-8.0, 0.30717234757556905
-8.0, 0.30717234757556905
-8.0, 0.30717234757556905
-8.0, 0.30717234757556905
-8.0, 0.30717234757556905
-8.0, 0.30717234757556905
-8.0, 0.30717234757556905
-8.0, 0.30717234757556905
-8.0, 0.30717234757556905
-8.0, 0.30717234757556905
-8.0, 0.30717234757556905
-8.0, 0.30717234757556905
-8.0, 0.30717234757556905
-8.0, 0.30717234757556905
-8.0, 0.30717234757556905
-8.0, 0.30717234757556905
-8.0, 0.30717234757556905
-8.0, 0.30717234757556905
-8.0, 0.30717234757556905
-8.0, 0.30717234757556905
-8.0, 0.30717234757556905
-8.0, 0.30717234757556905
-8.0, 0.30717234757556905
-8.0, 0.30717234757556905
-8.0, 0.30717234757556905
-8.0, 0.30717234757556905
-8.0, 0.30717234757556905
-8.0, 0.30717234757556905
-8.0, 0.30717234757556905
-8.0, 0.30717234757556905
-8.0, 0.30717234757556905
-8.0, 0.30717234757556905
-8.0, 0.30717234757556905
-8.0, 0.30717234757556905
-8.0, 0.30717234757556905
-8.0, 0.30717234757556905
-8.0, 0.30717234757556905
-8.0, 0.30717234757556905
-8.0, 0.30717234757556905
-8.0, 0.30717234757556905
-8.0, 0.30717234757556905
-8.0, 0.30717234757556905
-8.0, 0.30717234757556905
-8.0, 0.30717234757556905
-8.0, 0.30717234757556905
-8.0, 0.30717234757556905
-8.0, 0.30717234757556905
-8.0, 0.30717234757556905
-8.0, 0.30717234757556905
-8.0, 0.30717234757556905
-8.0, 0.30717234757556905
-8.0, 0.30717234757556905
-8.0, 0.30717234757556905
-8.0, 0.30717234757556905
-8.0, 0.30717234757556905
-8.0, 0.30717234757556905
-8.0, 0.30717234757556905
-8.0, 0.30717234757556905
-8.0, 0.30717234757556905
-8.0, 0.30717234757556905
-8.0, 0.30717234757556905
-8.0, 0.30717234757556905
-8.0, 0.30717234757556905
-8.0, 0.30717234757556905
-8.0, 0.30717234757556905
-8.0, 0.30717234757556905
-8.0, 0.30717234757556905
-8.0, 0.30717234757556905
-8.0, 0.30717234757556905
-8.0, 0.30717234757556905
-8.0, 0.30717234757556905
-8.0, 0.30717234757556905
-8.0, 0.30717234757556905
-8.0, 0.30717234757556905
-8.0, 0.30717234757556905
-8.0, 0.30717234757556905
-8.0, 0.30717234757556905
-8.0, 0.30717234757556905
-8.0, 0.30717234757556905
-8.0, 0.30717234757556905
-8.0, 0.30717234757556905
-8.0, 0.30717234757556905
-8.0, 0.30717234757556905
-8.0, 0.30717234757556905
-8.0, 0.30717234757556905
-8.0, 0.30717234757556905
-8.0, 0.30717234757556905
-8.0, 0.30717234757556905
-8.0, 0.30717234757556905
-8.0, 0.30717234757556905
-8.0, 0.30717234757556905
-8.0, 0.30717234757556905
-8.0, 0.30717234757556905
-8.0, 0.30717234757556905
-8.0, 0.30717234757556905
-8.0, 0.30717234757556905
-8.0, 0.30717234757556905
-8.0, 0.30717234757556905
-8.0, 0.30717234757556905
-8.0, 0.30717234757556905
-8.0, 0.30717234757556905
-8.0, 0.30717234757556905
-8.0, 0.30717234757556905
-8.0, 0.30717234757556905
-8.0, 0.30717234757556905
-8.0, 0.30717234757556905
-8.0, 0.30717234757556905
-8.0, 0.30717234757556905
-8.0, 0.30717234757556905
-8.0, 0.30717234757556905
-8.0, 0.30717234757556905
-8.0, 0.30717234757556905
-8.0, 0.30717234757556905
-8.0, 0.30717234757556905
-8.0, 0.30717234757556905
-8.0, 0.30717234757556905
-8.0, 0.30717234757556905
-8.0, 0.30717234757556905
-8.0, 0.30717234757556905
-8.0, 0.30717234757556905
-8.0, 0.30717234757556905
-8.0, 0.30717234757556905
-8.0, 0.30717234757556905
-8.0, 0.30717234757556905
-8.0, 0.30717234757556905
-8.0, 0.30717234757556905
-8.0, 0.30717234757556905
-8.0, 0.30717234757556905
-8.0, 0.30717234757556905
-8.0, 0.30717234757556905
-8.0, 0.30717234757556905
-8.0, 0.30717234757556905
-8.0, 0.30717234757556905
-8.0, 0.30717234757556905
-8.0, 0.30717234757556905
-8.0, 0.30717234757556905
-8.0, 0.30717234757556905
-8.0, 0.30717234757556905
-8.0, 0.30717234757556905
-8.0, 0.30717234757556905
-8.0, 0.30717234757556905
-8.0, 0.30717234757556905
-8.0, 0.30717234757556905
-8.0, 0.30717234757556905
-8.0, 0.30717234757556905
-8.0, 0.30717234757556905
-8.0, 0.30717234757556905
-8.0, 0.30717234757556905
-8.0, 0.30717234757556905
-8.0, 0.30717234757556905
-8.0, 0.30717234757556905
-8.0, 0.30717234757556905
-8.0, 0.30717234757556905
-8.0, 0.30717234757556905
-8.0, 0.30717234757556905
-8.0, 0.30717234757556905
-8.0, 0.30717234757556905
-8.0, 0.30717234757556905
-8.0, 0.30717234757556905
-8.0, 0.30717234757556905
-8.0, 0.30717234757556905
-8.0, 0.30717234757556905
-8.0, 0.30717234757556905
-8.0, 0.30717234757556905
-8.0, 0.30717234757556905
-8.0, 0.30717234757556905
-8.0, 0.30717234757556905
-8.0, 0.30717234757556905
-8.0, 0.30717234757556905
-8.0, 0.30717234757556905
-8.0, 0.30717234757556905
-8.0, 0.30717234757556905
-8.0, 0.30717234757556905
-8.0, 0.30717234757556905
-8.0, 0.30717234757556905
-8.0, 0.30717234757556905
-8.0, 0.30717234757556905
-8.0, 0.30717234757556905
-8.0, 0.30717234757556905
-8.0, 0.30717234757556905
-8.0, 0.30717234757556905
-8.0, 0.30717234757556905
-8.0, 0.30717234757556905
-8.0, 0.30717234757556905
-8.0, 0.30717234757556905
-8.0, 0.30717234757556905
-8.0, 0.30717234757556905
-8.0, 0.30717234757556905
-8.0, 0.30717234757556905
-8.0, 0.30717234757556905
-8.0, 0.30717234757556905
-8.0, 0.30717234757556905
-8.0, 0.30717234757556905
-8.0, 0.30717234757556905
-8.0, 0.30717234757556905
-8.0, 0.30717234757556905
-8.0, 0.30717234757556905
-8.0, 0.30717234757556905
-8.0, 0.30717234757556905
-8.0, 0.30717234757556905
-8.0, 0.30717234757556905
-8.0, 0.30717234757556905
-8.0, 0.30717234757556905
-8.0, 0.30717234757556905
-8.0, 0.30717234757556905
-8.0, 0.30717234757556905
-8.0, 0.30717234757556905
-8.0, 0.30717234757556905
-8.0, 0.30717234757556905
-8.0, 0.30717234757556905
-8.0, 0.30717234757556905
-8.0, 0.30717234757556905
-8.0, 0.30717234757556905
-8.0, 0.30717234757556905
-8.0, 0.30717234757556905
-8.0, 0.30717234757556905
-8.0, 0.30717234757556905
-8.0, 0.30717234757556905
-8.0, 0.30717234757556905
-8.0, 0.30717234757556905
-8.0, 0.30717234757556905
-8.0, 0.30717234757556905
-8.0, 0.30717234757556905
-8.0, 0.30717234757556905
-8.0, 0.30717234757556905
-8.0, 0.30717234757556905
-8.0, 0.30717234757556905
-8.0, 0.30717234757556905
-8.0, 0.30717234757556905
-8.0, 0.30717234757556905
-8.0, 0.30717234757556905
-8.0, 0.30717234757556905
-8.0, 0.30717234757556905
-8.0, 0.30717234757556905
-8.0, 0.30717234757556905
-8.0, 0.30717234757556905
-8.0, 0.30717234757556905
-8.0, 0.30717234757556905
-8.0, 0.30717234757556905
-8.0, 0.30717234757556905
-8.0, 0.30717234757556905
-8.0, 0.30717234757556905
-8.0, 0.30717234757556905
-8.0, 0.30717234757556905
-8.0, 0.30717234757556905
-8.0, 0.30717234757556905
-8.0, 0.30717234757556905
-8.0, 0.30717234757556905
-8.0, 0.30717234757556905
-8.0, 0.30717234757556905
-8.0, 0.30717234757556905
-8.0, 0.30717234757556905
-8.0, 0.30717234757556905
-8.0, 0.30717234757556905
-8.0, 0.30717234757556905
-8.0, 0.30717234757556905
-8.0, 0.30717234757556905
-8.0, 0.30717234757556905
-8.0, 0.30717234757556905
-8.0, 0.30717234757556905
-8.0, 0.30717234757556905
-8.0, 0.30717234757556905
-8.0, 0.30717234757556905
-8.0, 0.30717234757556905
-8.0, 0.30717234757556905
-8.0, 0.30717234757556905
-8.0, 0.30717234757556905
-8.0, 0.30717234757556905
-8.0, 0.30717234757556905
-8.0, 0.30717234757556905
-8.0, 0.30717234757556905
-8.0, 0.30717234757556905
-8.0, 0.30717234757556905
-8.0, 0.30717234757556905
-8.0, 0.30717234757556905
-8.0, 0.30717234757556905
-8.0, 0.30717234757556905
-8.0, 0.30717234757556905
-8.0, 0.30717234757556905
-8.0, 0.30717234757556905
-8.0, 0.30717234757556905
-8.0, 0.30717234757556905
-8.0, 0.30717234757556905
-8.0, 0.30717234757556905
-8.0, 0.30717234757556905
-8.0, 0.30717234757556905
-8.0, 0.30717234757556905
-8.0, 0.30717234757556905
-8.0, 0.30717234757556905
-8.0, 0.30717234757556905
-8.0, 0.30717234757556905
-8.0, 0.30717234757556905
-8.0, 0.30717234757556905
-8.0, 0.30717234757556905
-8.0, 0.30717234757556905
-8.0, 0.30717234757556905
-8.0, 0.30717234757556905
-8.0, 0.30717234757556905
-8.0, 0.30717234757556905
-8.0, 0.30717234757556905
-8.0, 0.30717234757556905
-8.0, 0.30717234757556905
-8.0, 0.30717234757556905
-8.0, 0.30717234757556905
-8.0, 0.30717234757556905
-8.0, 0.30717234757556905
-8.0, 0.30717234757556905
-8.0, 0.30717234757556905
-8.0, 0.30717234757556905
-8.0, 0.30717234757556905
-8.0, 0.30717234757556905
-8.0, 0.30717234757556905
-8.0, 0.30717234757556905
-8.0, 0.30717234757556905
-8.0, 0.30717234757556905
-8.0, 0.30717234757556905
-8.0, 0.30717234757556905
-8.0, 0.30717234757556905
-8.0, 0.30717234757556905
-8.0, 0.30717234757556905
-8.0, 0.30717234757556905
-8.0, 0.30717234757556905
-8.0, 0.30717234757556905
-8.0, 0.30717234757556905
-8.0, 0.30717234757556905
-8.0, 0.30717234757556905
-8.0, 0.30717234757556905
-8.0, 0.30717234757556905
-8.0, 0.30717234757556905
-8.0, 0.30717234757556905
-8.0, 0.30717234757556905
-8.0, 0.30717234757556905
-8.0, 0.30717234757556905
-8.0, 0.30717234757556905
-8.0, 0.30717234757556905
-8.0, 0.30717234757556905
-8.0, 0.30717234757556905
-8.0, 0.30717234757556905
-8.0, 0.30717234757556905
-8.0, 0.30717234757556905
-8.0, 0.30717234757556905
-8.0, 0.30717234757556905
-8.0, 0.30717234757556905
-8.0, 0.30717234757556905
-8.0, 0.30717234757556905
-8.0, 0.30717234757556905
-8.0, 0.30717234757556905
-8.0, 0.30717234757556905
-8.0, 0.30717234757556905
-8.0, 0.30717234757556905
-8.0, 0.30717234757556905
-8.0, 0.30717234757556905
-8.0, 0.30717234757556905
-8.0, 0.30717234757556905
-8.0, 0.30717234757556905
-8.0, 0.30717234757556905
-8.0, 0.30717234757556905
-8.0, 0.30717234757556905
-8.0, 0.30717234757556905
-8.0, 0.30717234757556905
-8.0, 0.30717234757556905
-8.0, 0.30717234757556905
-8.0, 0.30717234757556905
-8.0, 0.30717234757556905
-8.0, 0.30717234757556905
-8.0, 0.30717234757556905
-8.0, 0.30717234757556905
-8.0, 0.30717234757556905
-8.0, 0.30717234757556905
-8.0, 0.30717234757556905
-8.0, 0.30717234757556905
-8.0, 0.30717234757556905
-8.0, 0.30717234757556905
-8.0, 0.30717234757556905
-8.0, 0.30717234757556905
-8.0, 0.30717234757556905
-8.0, 0.30717234757556905
-8.0, 0.30717234757556905
-8.0, 0.30717234757556905
-8.0, 0.30717234757556905
-8.0, 0.30717234757556905
-8.0, 0.30717234757556905
-8.0, 0.30717234757556905
-8.0, 0.30717234757556905
-8.0, 0.30717234757556905
-8.0, 0.30717234757556905
-8.0, 0.30717234757556905
-8.0, 0.30717234757556905
-8.0, 0.30717234757556905
-8.0, 0.30717234757556905
-8.0, 0.30717234757556905
-8.0, 0.30717234757556905
-8.0, 0.30717234757556905
-8.0, 0.30717234757556905
-8.0, 0.30717234757556905
-8.0, 0.30717234757556905
-8.0, 0.30717234757556905
-8.0, 0.30717234757556905
-8.0, 0.30717234757556905
-8.0, 0.30717234757556905
-8.0, 0.30717234757556905
-8.0, 0.30717234757556905
-8.0, 0.30717234757556905
-8.0, 0.30717234757556905
-8.0, 0.30717234757556905
-8.0, 0.30717234757556905
-8.0, 0.30717234757556905
-8.0, 0.30717234757556905
-8.0, 0.30717234757556905
-8.0, 0.30717234757556905
-8.0, 0.30717234757556905
-8.0, 0.30717234757556905
-8.0, 0.30717234757556905
-8.0, 0.30717234757556905
-8.0, 0.30717234757556905
-8.0, 0.30717234757556905
-8.0, 0.30717234757556905
-8.0, 0.30717234757556905
-8.0, 0.30717234757556905
-8.0, 0.30717234757556905
-8.0, 0.30717234757556905
-8.0, 0.30717234757556905
-8.0, 0.30717234757556905
-8.0, 0.30717234757556905
-8.0, 0.30717234757556905
-8.0, 0.30717234757556905
-8.0, 0.30717234757556905
-8.0, 0.30717234757556905
-8.0, 0.30717234757556905
-8.0, 0.30717234757556905
-8.0, 0.30717234757556905
-8.0, 0.30717234757556905
-8.0, 0.30717234757556905
-8.0, 0.30717234757556905
-8.0, 0.30717234757556905
-8.0, 0.30717234757556905
-8.0, 0.30717234757556905
-8.0, 0.30717234757556905
-8.0, 0.30717234757556905
-8.0, 0.30717234757556905
-8.0, 0.30717234757556905
-8.0, 0.30717234757556905
-8.0, 0.30717234757556905
-8.0, 0.30717234757556905
-8.0, 0.30717234757556905
-8.0, 0.30717234757556905
-8.0, 0.30717234757556905
-8.0, 0.30717234757556905
-8.0, 0.30717234757556905
-8.0, 0.30717234757556905
-8.0, 0.30717234757556905
-8.0, 0.30717234757556905
-8.0, 0.30717234757556905
-8.0, 0.30717234757556905
-8.0, 0.30717234757556905
-8.0, 0.30717234757556905
-8.0, 0.30717234757556905
-8.0, 0.30717234757556905
-8.0, 0.30717234757556905
-8.0, 0.30717234757556905
-8.0, 0.30717234757556905
-8.0, 0.30717234757556905
-8.0, 0.30717234757556905
-8.0, 0.30717234757556905
-8.0, 0.30717234757556905
-8.0, 0.30717234757556905
-8.0, 0.30717234757556905
-8.0, 0.30717234757556905
-8.0, 0.30717234757556905
-8.0, 0.30717234757556905
-8.0, 0.30717234757556905
-8.0, 0.30717234757556905
-8.0, 0.30717234757556905
-8.0, 0.30717234757556905
-8.0, 0.30717234757556905
-8.0, 0.30717234757556905
-8.0, 0.30717234757556905
-8.0, 0.30717234757556905
-8.0, 0.30717234757556905
-8.0, 0.30717234757556905
-8.0, 0.30717234757556905
-8.0, 0.30717234757556905
-8.0, 0.30717234757556905
-8.0, 0.30717234757556905
-8.0, 0.30717234757556905
-8.0, 0.30717234757556905
-8.0, 0.30717234757556905
-8.0, 0.30717234757556905
-8.0, 0.30717234757556905
-8.0, 0.30717234757556905
-8.0, 0.30717234757556905
-8.0, 0.30717234757556905
-8.0, 0.30717234757556905
-8.0, 0.30717234757556905
-8.0, 0.30717234757556905
-8.0, 0.30717234757556905
-8.0, 0.30717234757556905
-8.0, 0.30717234757556905
-8.0, 0.30717234757556905
-8.0, 0.30717234757556905
-8.0, 0.30717234757556905
-8.0, 0.30717234757556905
-8.0, 0.30717234757556905
-8.0, 0.30717234757556905
-8.0, 0.30717234757556905
-8.0, 0.30717234757556905
-8.0, 0.30717234757556905
-8.0, 0.30717234757556905
-8.0, 0.30717234757556905
-8.0, 0.30717234757556905
-8.0, 0.30717234757556905
-8.0, 0.30717234757556905
-8.0, 0.30717234757556905
-8.0, 0.30717234757556905
-8.0, 0.30717234757556905
-8.0, 0.30717234757556905
-8.0, 0.30717234757556905
-8.0, 0.30717234757556905
-8.0, 0.30717234757556905
-8.0, 0.30717234757556905
-8.0, 0.30717234757556905
-8.0, 0.30717234757556905
-8.0, 0.30717234757556905
-8.0, 0.30717234757556905
-8.0, 0.30717234757556905
-8.0, 0.30717234757556905
-8.0, 0.30717234757556905
-8.0, 0.30717234757556905
-8.0, 0.30717234757556905
-8.0, 0.30717234757556905
-8.0, 0.30717234757556905
-8.0, 0.30717234757556905
-8.0, 0.30717234757556905
-8.0, 0.30717234757556905
-8.0, 0.30717234757556905
-8.0, 0.30717234757556905
-8.0, 0.30717234757556905
-8.0, 0.30717234757556905
-8.0, 0.30717234757556905
-8.0, 0.30717234757556905
-8.0, 0.30717234757556905
-8.0, 0.30717234757556905
-8.0, 0.30717234757556905
-8.0, 0.30717234757556905
-8.0, 0.30717234757556905
-8.0, 0.30717234757556905
-8.0, 0.30717234757556905
-8.0, 0.30717234757556905
-8.0, 0.30717234757556905
-8.0, 0.30717234757556905
-8.0, 0.30717234757556905
-8.0, 0.30717234757556905
-8.0, 0.30717234757556905
-8.0, 0.30717234757556905
-8.0, 0.30717234757556905
-8.0, 0.30717234757556905
-8.0, 0.30717234757556905
-8.0, 0.30717234757556905
-8.0, 0.30717234757556905
-8.0, 0.30717234757556905
-8.0, 0.30717234757556905
-8.0, 0.30717234757556905
-8.0, 0.30717234757556905
-8.0, 0.30717234757556905
-8.0, 0.30717234757556905
-8.0, 0.30717234757556905
-8.0, 0.30717234757556905
-8.0, 0.30717234757556905
-8.0, 0.30717234757556905
-8.0, 0.30717234757556905
-8.0, 0.30717234757556905
-8.0, 0.30717234757556905
-8.0, 0.30717234757556905
-8.0, 0.30717234757556905
-8.0, 0.30717234757556905
-8.0, 0.30717234757556905
-8.0, 0.30717234757556905
-8.0, 0.30717234757556905
-8.0, 0.30717234757556905
-8.0, 0.30717234757556905
-8.0, 0.30717234757556905
-8.0, 0.30717234757556905
-8.0, 0.30717234757556905
-8.0, 0.30717234757556905
-8.0, 0.30717234757556905
-8.0, 0.30717234757556905
-8.0, 0.30717234757556905
-8.0, 0.30717234757556905
-8.0, 0.30717234757556905
-8.0, 0.30717234757556905
-8.0, 0.30717234757556905
-8.0, 0.30717234757556905
-8.0, 0.30717234757556905
-8.0, 0.30717234757556905
-8.0, 0.30717234757556905
-8.0, 0.30717234757556905
-8.0, 0.30717234757556905
-8.0, 0.30717234757556905
-8.0, 0.30717234757556905
-8.0, 0.30717234757556905
-8.0, 0.30717234757556905
-8.0, 0.30717234757556905
-8.0, 0.30717234757556905
-8.0, 0.30717234757556905
-8.0, 0.30717234757556905
-8.0, 0.30717234757556905
-8.0, 0.30717234757556905
-8.0, 0.30717234757556905
-8.0, 0.30717234757556905
-8.0, 0.30717234757556905
-8.0, 0.30717234757556905
-8.0, 0.30717234757556905
-8.0, 0.30717234757556905
-8.0, 0.30717234757556905
-8.0, 0.30717234757556905
-8.0, 0.30717234757556905
-8.0, 0.30717234757556905
-8.0, 0.30717234757556905
-8.0, 0.30717234757556905
-8.0, 0.30717234757556905
-8.0, 0.30717234757556905
-8.0, 0.30717234757556905
-8.0, 0.30717234757556905
-8.0, 0.30717234757556905
-8.0, 0.30717234757556905
-8.0, 0.30717234757556905
-8.0, 0.30717234757556905
-8.0, 0.30717234757556905
-8.0, 0.30717234757556905
-8.0, 0.30717234757556905
-8.0, 0.30717234757556905
-8.0, 0.30717234757556905
-8.0, 0.30717234757556905
-8.0, 0.30717234757556905
-8.0, 0.30717234757556905
-8.0, 0.30717234757556905
-8.0, 0.30717234757556905
-8.0, 0.30717234757556905
-8.0, 0.30717234757556905
-8.0, 0.30717234757556905
-8.0, 0.30717234757556905
-8.0, 0.30717234757556905
-8.0, 0.30717234757556905
-8.0, 0.30717234757556905
-8.0, 0.30717234757556905
-8.0, 0.30717234757556905
-8.0, 0.30717234757556905
-8.0, 0.30717234757556905
-8.0, 0.30717234757556905
-8.0, 0.30717234757556905
-8.0, 0.30717234757556905
-8.0, 0.30717234757556905
-8.0, 0.30717234757556905
-226.0, 0.8419974475458767
-233.0, 0.8419974475458767
-240.0, 0.8343295622018024
-246.0, 0.8300998400883421
-246.0, 0.8302686165413773
-249.0, 0.8243818088280879
-249.0, 0.8241304519230778
-251.0, 0.8205360800566981
-252.0, 0.820119148555702
-252.0, 0.8151324642203395
-252.0, 0.8129809949420493
-251.0, 0.8126505040628549
-251.0, 0.8096821253633079
-248.0, 0.8040230056961525
-245.0, 0.8056592471426022
-240.0, 0.8079555808541358
-236.0, 0.8070526702102446
-231.0, 0.8036961563950024
-226.0, 0.8050043513595411
-221.0, 0.8003536022448572
-215.0, 0.7946788993051259
-211.0, 0.7967819339991685
-207.0, 0.7901681198994485
-203.0, 0.7888038489835283
-198.0, 0.7887236711473866
-195.0, 0.7866419055178494
-192.0, 0.7800329659426158
-188.0, 0.7816998417786583
-185.0, 0.7790820618050976
-181.0, 0.7748960821539614
-178.0, 0.7752900231895017
-174.0, 0.7714380209637888
-170.0, 0.770810942569773
-166.0, 0.7713596082743504
-162.0, 0.772772256917115
-158.0, 0.7686201796187073
-154.0, 0.7662798426234473
-150.0, 0.7666694033421925
-147.0, 0.7663577389284626
-143.0, 0.7628602323742613
-140.0, 0.7578364391093741
-137.0, 0.7603828320386871
-134.0, 0.760614746142623
-131.0, 0.752616184581285
-127.0, 0.752157303920191
-125.0, 0.7559898746876462
-122.0, 0.7520044058829162
-119.0, 0.7504771339237318
-115.0, 0.7456864718344904
-113.0, 0.74819203987183
-109.0, 0.7467484136980697
-106.0, 0.7491052413704294
-104.0, 0.7459897296020646
-101.0, 0.7415291572738529
-98.0, 0.7435671164836705
-95.0, 0.7378448947671604
-93.0, 0.7306797262953973
-90.0, 0.7358974191200542
-87.0, 0.7326133938634887
-85.0, 0.7320922882214314
-83.0, 0.7241727962913542
-80.0, 0.726975468006847
-79.0, 0.7168488667522693
-77.0, 0.7168488667522693
-75.0, 0.7114045695539797
-74.0, 0.7077260847017455
-73.0, 0.7084458540276283
-71.0, 0.7015661779151685
-70.0, 0.7007821600997783
-69.0, 0.6946826918489649
-69.0, 0.692285943085056
-67.0, 0.6866093047261411
-66.0, 0.6855631949193957
-65.0, 0.6784228274191545
-64.0, 0.6738180930174774
-63.0, 0.6671390419051364
-62.0, 0.6627456176797901
-60.0, 0.6592517190534022
-59.0, 0.6553764037668037
-58.0, 0.6473648738883084
-57.0, 0.6406223545398867
-55.0, 0.6392563085645141
-55.0, 0.6316344234147071
-54.0, 0.6309926932379252
-53.0, 0.6228992154949651
-53.0, 0.6175403946621753
-53.0, 0.612289912033806
-52.0, 0.6072692288375843
-50.0, 0.6036994850544747
-50.0, 0.5938395902566233
-49.0, 0.593537847971629
-48.0, 0.5849726142098207
-48.0, 0.5818295775778635
-47.0, 0.5756525879554416
-46.0, 0.5739581491767445
-44.0, 0.5675184914170616
-43.0, 0.5595562074334095
-42.0, 0.5551371957901494
-41.0, 0.552098340130151
-41.0, 0.5457929726220625
-40.0, 0.5406027024538215
-40.0, 0.5375341177222845
-39.0, 0.5295078725470126
-39.0, 0.5257000919944227
-39.0, 0.5201190006613317
-38.0, 0.5200661332519461
-37.0, 0.5077385160226728
-36.0, 0.5030123803504127
-35.0, 0.4990399151432656
-34.0, 0.4935411467576094
-33.0, 0.48805335447608467
-33.0, 0.4852337253617641
-32.0, 0.47866911834591985
-31.0, 0.47638770681781945
-31.0, 0.47377993077579716
-31.0, 0.4713301400754873
-31.0, 0.4677980486556407
-31.0, 0.4635379148372687
-31.0, 0.45448644210453126
-31.0, 0.45397854209640637
-30.0, 0.44806444961667813
-30.0, 0.44029866591848144
-29.0, 0.43851204620215894
-28.0, 0.4305615482280576
-28.0, 0.42443447374829163
-28.0, 0.4183520625031843
-27.0, 0.4187349670109538
-26.0, 0.4124406566750311
-26.0, 0.41060009371317846
-25.0, 0.4057044881245384
-25.0, 0.4069849402110414
-24.0, 0.4058694811102107
-23.0, 0.40184640271952093
-23.0, 0.40307370370068324
-21.0, 0.40512754069180434
-19.0, 0.3968130777153206
-18.0, 0.39758020320842125
-18.0, 0.38989593992653887
-17.0, 0.3867774769979565
-17.0, 0.38638451744811547
-17.0, 0.3853646900514828
-17.0, 0.38193289774364336
-17.0, 0.3800352770750205
-17.0, 0.37830087053760353
-17.0, 0.37535144840357043
-16.0, 0.3700852678807087
-16.0, 0.3717442183953775
-15.0, 0.3703110517313756
-14.0, 0.36263739849776305
-14.0, 0.3613495176307897
-14.0, 0.35955416478921975
-14.0, 0.3590793457320759
-14.0, 0.3568234361478201
-13.0, 0.35497839654452534
-13.0, 0.3544735860714907
-13.0, 0.35088861356057927
-13.0, 0.348152911044365
-13.0, 0.34090376821886414
-13.0, 0.3408344695272359
-13.0, 0.3385210859798693
-13.0, 0.3408344695272359
-12.0, 0.3393479502201257
-11.0, 0.3344508833689402
-11.0, 0.3350293308671009
-11.0, 0.3345868987481707
-11.0, 0.33366986727021525
-11.0, 0.3358818068727209
-10.0, 0.3347229694424992
-10.0, 0.3341110867768721
-10.0, 0.3326200783578103
-10.0, 0.3326200783578103
-10.0, 0.33255246356915635
-10.0, 0.33207954474345497
-10.0, 0.3298591129415247
-9.0, 0.32692161504489015
-9.0, 0.3279534189227379
-9.0, 0.32928959212335424
-9.0, 0.3295239815126252
-9.0, 0.32979205940008716
-9.0, 0.32979205940008716
-9.0, 0.32979205940008716
-9.0, 0.3294235084948649
-9.0, 0.32619133710179293
-9.0, 0.3267222863433406
-9.0, 0.3266558704539309
-9.0, 0.32949048710228673
-9.0, 0.32932306611168016
-8.0, 0.3279867570821547
-8.0, 0.32668907671084196
-7.0, 0.32145145367471106
-7.0, 0.3222693810201173
-7.0, 0.3225971343983572
-7.0, 0.3224659930663503
-8.0, 0.3261581814375417
-8.0, 0.32668907671084196
-9.0, 0.3290219226761874
-9.0, 0.3290888196329127
-9.0, 0.3290219226761874
-9.0, 0.32645670378059194
-8.0, 0.3242738687987271
-7.0, 0.322072888851011
-6.0, 0.3209290699480508
-6.0, 0.31520653253593967
-6.0, 0.3135129392730637
-5.0, 0.31495031077756824
-5.0, 0.316104951302093
-4.0, 0.30811049936942386
-3.0, 0.3105631253048672
-3.0, 0.3118284456253416
-1.0, 0.3111635109877435
-1.0, 0.3120821276504556
-1.0, 0.3134492085709549
-1.0, 0.3133217860295081
-1.0, 0.31328993848863684
-1.0, 0.3129716410682344
-1.0, 0.3139594171529275
-1.0, 0.3131944152875351
-1.0, 0.3135448094831168
-1.0, 0.3135448094831168
-1.0, 0.3137360987901651
-1.0, 0.3137360987901651
-1.0, 0.31386368982543283
-1.0, 0.3139913327497638
-1.0, 0.3139275048001467
-1.0, 0.3139913327497638
-1.0, 0.3137360987901651
-1.0, 0.3138955956910917
-1.0, 0.3136723227243378
-1.0, 0.3138955956910917
-1.0, 0.3142467743500338
-1.0, 0.3136723227243378
-1.0, 0.31341734807824057
-1.0, 0.31341734807824057
-1.0, 0.3137360987901651
-1.0, 0.3134810723024528
-1.0, 0.314502423759897
-1.0, 0.31443849191603873
-1.0, 0.31520653253593967
-1.0, 0.3153026694257638
-1.0, 0.31584799924656
-1.0, 0.31469429729403464
-1.0, 0.3141828944744178
0.0, 0.3131944152875351
0.0, 0.311258414770138
0.0, 0.3094916407329556
0.0, 0.3085806491927228
0.0, 0.3084238529269969
0.0, 0.3076097957358151
0.0, 0.3076097957358151
0.0, 0.3076097957358151
0.0, 0.3076097957358151
0.0, 0.3076097957358151
0.0, 0.3076097957358151
0.0, 0.3076097957358151
0.0, 0.3076097957358151
0.0, 0.3076097957358151
0.0, 0.3076097957358151
0.0, 0.3076097957358151
0.0, 0.3076097957358151
0.0, 0.3076097957358151
0.0, 0.3076097957358151
0.0, 0.3076097957358151
0.0, 0.3076097957358151
0.0, 0.3076097957358151
0.0, 0.3076097957358151
0.0, 0.3076097957358151
0.0, 0.3076097957358151
0.0, 0.3076097957358151
0.0, 0.3076097957358151
0.0, 0.3076097957358151
0.0, 0.3076097957358151
0.0, 0.3076097957358151
0.0, 0.3076097957358151
0.0, 0.3076097957358151
0.0, 0.3076097957358151
0.0, 0.3076097957358151
0.0, 0.3076097957358151
0.0, 0.3076097957358151
0.0, 0.3076097957358151
0.0, 0.3076097957358151
0.0, 0.3076097957358151
0.0, 0.3076097957358151
0.0, 0.3076097957358151
0.0, 0.3076097957358151
0.0, 0.3076097957358151
0.0, 0.3076097957358151
0.0, 0.3076097957358151
0.0, 0.3076097957358151
0.0, 0.3076097957358151
0.0, 0.3076097957358151
0.0, 0.3076097957358151
0.0, 0.3076097957358151
0.0, 0.3076097957358151
0.0, 0.3076097957358151
0.0, 0.3076097957358151
0.0, 0.3076097957358151
0.0, 0.3076097957358151
0.0, 0.3076097957358151
0.0, 0.3076097957358151
0.0, 0.3076097957358151
0.0, 0.3076097957358151
0.0, 0.3076097957358151
0.0, 0.3076097957358151
0.0, 0.3076097957358151
0.0, 0.3076097957358151
0.0, 0.3076097957358151
0.0, 0.3076097957358151
0.0, 0.3076097957358151
0.0, 0.3076097957358151
0.0, 0.3076097957358151
0.0, 0.3076097957358151
0.0, 0.3076097957358151
0.0, 0.3076097957358151
0.0, 0.3076097957358151
0.0, 0.3076097957358151
0.0, 0.3076097957358151
0.0, 0.3076097957358151
0.0, 0.3076097957358151
0.0, 0.3076097957358151
0.0, 0.3076097957358151
0.0, 0.3076097957358151
0.0, 0.3076097957358151
0.0, 0.3076097957358151
0.0, 0.3076097957358151
0.0, 0.3076097957358151
0.0, 0.3076097957358151
0.0, 0.3076097957358151
0.0, 0.3076097957358151
0.0, 0.3076097957358151
0.0, 0.3076097957358151
0.0, 0.3076097957358151
0.0, 0.3076097957358151
0.0, 0.3076097957358151
0.0, 0.3076097957358151
0.0, 0.3076097957358151
0.0, 0.3076097957358151
0.0, 0.3076097957358151
0.0, 0.3076097957358151
0.0, 0.3076097957358151
0.0, 0.3076097957358151
0.0, 0.3076097957358151
0.0, 0.3076097957358151
0.0, 0.3076097957358151
0.0, 0.3076097957358151
0.0, 0.3076097957358151
0.0, 0.3076097957358151
0.0, 0.3076097957358151
0.0, 0.3076097957358151
0.0, 0.3076097957358151
0.0, 0.3076097957358151
0.0, 0.3076097957358151
0.0, 0.3076097957358151
0.0, 0.3076097957358151
0.0, 0.3076097957358151
0.0, 0.3076097957358151
0.0, 0.3076097957358151
0.0, 0.3076097957358151
0.0, 0.3076097957358151
0.0, 0.3076097957358151
0.0, 0.3076097957358151
0.0, 0.3076097957358151
0.0, 0.3076097957358151
0.0, 0.3076097957358151
0.0, 0.3076097957358151
0.0, 0.3076097957358151
0.0, 0.3076097957358151
0.0, 0.3076097957358151
0.0, 0.3076097957358151
0.0, 0.3076097957358151
0.0, 0.3076097957358151
0.0, 0.3076097957358151
0.0, 0.3076097957358151
0.0, 0.3076097957358151
0.0, 0.3076097957358151
0.0, 0.3076097957358151
0.0, 0.3076097957358151
0.0, 0.3076097957358151
0.0, 0.3076097957358151
0.0, 0.3076097957358151
0.0, 0.3076097957358151
0.0, 0.3076097957358151
0.0, 0.3076097957358151
0.0, 0.3076097957358151
0.0, 0.3076097957358151
0.0, 0.3076097957358151
0.0, 0.3076097957358151
0.0, 0.3076097957358151
0.0, 0.3076097957358151
0.0, 0.3076097957358151
0.0, 0.3076097957358151
0.0, 0.3076097957358151
0.0, 0.3076097957358151
0.0, 0.3076097957358151
0.0, 0.3076097957358151
0.0, 0.3076097957358151
0.0, 0.3076097957358151
0.0, 0.3076097957358151
0.0, 0.3076097957358151
0.0, 0.3076097957358151
0.0, 0.3076097957358151
0.0, 0.3076097957358151
0.0, 0.3076097957358151
0.0, 0.3076097957358151
0.0, 0.3076097957358151
0.0, 0.3076097957358151
0.0, 0.3076097957358151
0.0, 0.3076097957358151
0.0, 0.3076097957358151
0.0, 0.3076097957358151
0.0, 0.3076097957358151
0.0, 0.3076097957358151
0.0, 0.3076097957358151
0.0, 0.3076097957358151
0.0, 0.3076097957358151
0.0, 0.3076097957358151
0.0, 0.3076097957358151
0.0, 0.3076097957358151
0.0, 0.3076097957358151
0.0, 0.3076097957358151
0.0, 0.3076097957358151
0.0, 0.3076097957358151
0.0, 0.3076097957358151
0.0, 0.3076097957358151
0.0, 0.3076097957358151
0.0, 0.3076097957358151
0.0, 0.3076097957358151
0.0, 0.3076097957358151
0.0, 0.3076097957358151
0.0, 0.3076097957358151
0.0, 0.3076097957358151
0.0, 0.3076097957358151
0.0, 0.3076097957358151
0.0, 0.3076097957358151
0.0, 0.3076097957358151
0.0, 0.3076097957358151
0.0, 0.3076097957358151
0.0, 0.3076097957358151
0.0, 0.3076097957358151
0.0, 0.3076097957358151
0.0, 0.3076097957358151
0.0, 0.3076097957358151
0.0, 0.3076097957358151
0.0, 0.3076097957358151
0.0, 0.3076097957358151
0.0, 0.3076097957358151
0.0, 0.3076097957358151
0.0, 0.3076097957358151
0.0, 0.3076097957358151
0.0, 0.3076097957358151
0.0, 0.3076097957358151
0.0, 0.3076097957358151
0.0, 0.3076097957358151
0.0, 0.3076097957358151
0.0, 0.3076097957358151
0.0, 0.3076097957358151
0.0, 0.3076097957358151
0.0, 0.3076097957358151
0.0, 0.3076097957358151
0.0, 0.3076097957358151
0.0, 0.3076097957358151
0.0, 0.3076097957358151
0.0, 0.3076097957358151
0.0, 0.3076097957358151
0.0, 0.3076097957358151
0.0, 0.3076097957358151
0.0, 0.3076097957358151
0.0, 0.3076097957358151
0.0, 0.3076097957358151
0.0, 0.3076097957358151
0.0, 0.3076097957358151
0.0, 0.3076097957358151
0.0, 0.3076097957358151
0.0, 0.3076097957358151
0.0, 0.3076097957358151
0.0, 0.3076097957358151
0.0, 0.3076097957358151
0.0, 0.3076097957358151
0.0, 0.3076097957358151
0.0, 0.3076097957358151
0.0, 0.3076097957358151
0.0, 0.3076097957358151
0.0, 0.3076097957358151
0.0, 0.3076097957358151
0.0, 0.3076097957358151
0.0, 0.3076097957358151
0.0, 0.3076097957358151
0.0, 0.3076097957358151
0.0, 0.3076097957358151
0.0, 0.3076097957358151
0.0, 0.3076097957358151
0.0, 0.3076097957358151
0.0, 0.3076097957358151
0.0, 0.3076097957358151
0.0, 0.3076097957358151
0.0, 0.3076097957358151
0.0, 0.3076097957358151
0.0, 0.3076097957358151
0.0, 0.3076097957358151
0.0, 0.3076097957358151
0.0, 0.3076097957358151
0.0, 0.3076097957358151
0.0, 0.3076097957358151
0.0, 0.3076097957358151
0.0, 0.3076097957358151
0.0, 0.3076097957358151
0.0, 0.3076097957358151
0.0, 0.3076097957358151
0.0, 0.3076097957358151
0.0, 0.3076097957358151
0.0, 0.3076097957358151
0.0, 0.3076097957358151
0.0, 0.3076097957358151
0.0, 0.3076097957358151
0.0, 0.3076097957358151
0.0, 0.3076097957358151
0.0, 0.3076097957358151
0.0, 0.3076097957358151
0.0, 0.3076097957358151
0.0, 0.3076097957358151
0.0, 0.3076097957358151
0.0, 0.3076097957358151
0.0, 0.3076097957358151
0.0, 0.3076097957358151
0.0, 0.3076097957358151
0.0, 0.3076097957358151
0.0, 0.3076097957358151
0.0, 0.3076097957358151
0.0, 0.3076097957358151
0.0, 0.3076097957358151
0.0, 0.3076097957358151
0.0, 0.3076097957358151
0.0, 0.3076097957358151
0.0, 0.3076097957358151
0.0, 0.3076097957358151
0.0, 0.3076097957358151
0.0, 0.3076097957358151
0.0, 0.3076097957358151
0.0, 0.3076097957358151
0.0, 0.3076097957358151
0.0, 0.3076097957358151
0.0, 0.3076097957358151
0.0, 0.3076097957358151
0.0, 0.3076097957358151
0.0, 0.3076097957358151
0.0, 0.3076097957358151
0.0, 0.3076097957358151
0.0, 0.3076097957358151
0.0, 0.3076097957358151
0.0, 0.3076097957358151
0.0, 0.3076097957358151
0.0, 0.3076097957358151
0.0, 0.3076097957358151
0.0, 0.3076097957358151
0.0, 0.3076097957358151
0.0, 0.3076097957358151
0.0, 0.3076097957358151
0.0, 0.3076097957358151
0.0, 0.3076097957358151
0.0, 0.3076097957358151
0.0, 0.3076097957358151
0.0, 0.3076097957358151
0.0, 0.3076097957358151
0.0, 0.3076097957358151
0.0, 0.3076097957358151
0.0, 0.3076097957358151
0.0, 0.3076097957358151
0.0, 0.3076097957358151
0.0, 0.3076097957358151
0.0, 0.3076097957358151
0.0, 0.3076097957358151
0.0, 0.3076097957358151
0.0, 0.3076097957358151
0.0, 0.3076097957358151
0.0, 0.3076097957358151
0.0, 0.3076097957358151
0.0, 0.3076097957358151
0.0, 0.3076097957358151
0.0, 0.3076097957358151
0.0, 0.3076097957358151
0.0, 0.3076097957358151
0.0, 0.3076097957358151
0.0, 0.3076097957358151
0.0, 0.3076097957358151
0.0, 0.3076097957358151
0.0, 0.3076097957358151
0.0, 0.3076097957358151
0.0, 0.3076097957358151
0.0, 0.3076097957358151
0.0, 0.3076097957358151
0.0, 0.3076097957358151
0.0, 0.3076097957358151
0.0, 0.3076097957358151
0.0, 0.3076097957358151
0.0, 0.3076097957358151
0.0, 0.3076097957358151
0.0, 0.3076097957358151
0.0, 0.3076097957358151
0.0, 0.3076097957358151
0.0, 0.3076097957358151
0.0, 0.3076097957358151
0.0, 0.3076097957358151
0.0, 0.3076097957358151
0.0, 0.3076097957358151
0.0, 0.3076097957358151
0.0, 0.3076097957358151
0.0, 0.3076097957358151
0.0, 0.3076097957358151
0.0, 0.3076097957358151
0.0, 0.3076097957358151
0.0, 0.3076097957358151
0.0, 0.3076097957358151
0.0, 0.3076097957358151
0.0, 0.3076097957358151
0.0, 0.3076097957358151
0.0, 0.3076097957358151
0.0, 0.3076097957358151
0.0, 0.3076097957358151
0.0, 0.3076097957358151
0.0, 0.3076097957358151
25.0, 0.8299310979440724
20.0, 0.8318737053291194
15.0, 0.829593716553933
11.0, 0.8300154647280475
12.0, 0.8317046025947014
13.0, 0.8323812198528217
12.0, 0.8311975006140471
9.0, 0.825639743765536
6.0, 0.8263114270745846
5.0, 0.82731997674272
4.0, 0.8221223537466795
4.0, 0.8312819961343967
5.0, 0.8307751518228382
3.0, 0.825639743765536
6.0, 0.8344991986447582
5.0, 0.8304374273101534
3.0, 0.8271517996872251
4.0, 0.8293407705199767
5.0, 0.8295093926384809
6.0, 0.8261434550363965
6.0, 0.8235442504805631
5.0, 0.8223730981887702
2.0, 0.8195358003408709
2.0, 0.8155468605948376
5.0, 0.8169573847243957
7.0, 0.8178713765188607
6.0, 0.8199524352797793
9.0, 0.8300154647280475
8.0, 0.8268155481300464
5.0, 0.8202858957278791
4.0, 0.8180376666725282
5.0, 0.8147182784092847
4.0, 0.8152981974965322
1.0, 0.8143870812942199
5.0, 0.8180376666725282
5.0, 0.8167082915523359
6.0, 0.8147182784092847
8.0, 0.8206194917885652
8.0, 0.8232094654547257
13.0, 0.8339056219447571
7.0, 0.8181208244277669
9.0, 0.8248009073768218
8.0, 0.8223730981887702
4.0, 0.8177051201685449
5.0, 0.8099290755792579
7.0, 0.8072988184515708
5.0, 0.8053317326809162
3.0, 0.7992966734702387
6.0, 0.7998656154095602
6.0, 0.7991341929732244
7.0, 0.7979166415791192
7.0, 0.7992966734702387
6.0, 0.7967819339991685
4.0, 0.7892850871896968
3.0, 0.7841669803554375
6.0, 0.7822562582366649
6.0, 0.776078506176659
6.0, 0.7712812035551566
7.0, 0.7689327641278646
8.0, 0.7623176122494845
7.0, 0.7564510935466124
6.0, 0.7498670939942784
6.0, 0.7413784197191708
5.0, 0.7367956144898833
5.0, 0.7278627737404693
4.0, 0.7258678567916906
3.0, 0.7196231936165463
4.0, 0.7175779141008627
4.0, 0.7161205601037813
3.0, 0.7001413427111994
1.0, 0.6884263445271905
-1.0, 0.681533211451146
1.0, 0.6862604242137845
0.0, 0.6856328859601464
-2.0, 0.6784228274191545
-1.0, 0.6813254095845139
-1.0, 0.6820183289799748
-1.0, 0.6756699605737783
-2.0, 0.6647697451606753
-3.0, 0.658448054061428
-3.0, 0.6576453687823627
-3.0, 0.6573112054501292
-3.0, 0.6552431792866452
-3.0, 0.6537794961920532
-3.0, 0.6537130428838119
-3.0, 0.651855090127973
-3.0, 0.6474964965461598
-3.0, 0.6444759351030568
-3.0, 0.642382989593334
-3.0, 0.6358862421637392
-3.0, 0.6357569796306891
-3.0, 0.6371155477851274
-3.0, 0.6347238248682103
-3.0, 0.6338211918139256
-3.0, 0.635240192209098
-3.0, 0.6359508832855845
-2.0, 0.6359508832855845
-2.0, 0.6362741874747319
-2.0, 0.6356923582181485
-2.0, 0.63582160761233
-2.0, 0.635240192209098
-2.0, 0.6354985333884529
-2.0, 0.6358862421637392
-2.0, 0.6359508832855845
-2.0, 0.6378283369632288
-2.0, 0.6363388680332225
-1.0, 0.6373746516391007
-2.0, 0.6386068346778847
-2.0, 0.637439444065459
-1.0, 0.6360155309785339
-1.0, 0.6371155477851274
-1.0, 0.6336923490629391
-1.0, 0.6335635325030217
-1.0, 0.6333059779350979
-1.0, 0.6333059779350979
-1.0, 0.633434742128849
-1.0, 0.6333059779350979
-1.0, 0.6323410804459025
-1.0, 0.6323410804459025
-1.0, 0.6320197747504923
-1.0, 0.6323410804459025
-1.0, 0.6337567671642159
-1.0, 0.6341434133122669
-1.0, 0.6325982426067361
-1.0, 0.6330485280675744
0.0, 0.6337567671642159
0.0, 0.6333703567597534
0.0, 0.6333703567597534
0.0, 0.6318270697043774
0.0, 0.6336279375094296
0.0, 0.633950060761306
0.0, 0.633950060761306
1.0, 0.6338211918139256
0.0, 0.634594798630576
1.0, 0.6336279375094296
1.0, 0.6371803138722404
0.0, 0.6467071618327862
0.0, 0.6439520603089918
1.0, 0.6403619304383386
0.0, 0.6446069703799479
2.0, 0.636662369465738
2.0, 0.6336279375094296
2.0, 0.6341434133122669
2.0, 0.6329198423831613
3.0, 0.6306079681281673
3.0, 0.6285600590544511
3.0, 0.6272197343953655
2.0, 0.6259458919749021
3.0, 0.6259458919749021
3.0, 0.6263277728171428
3.0, 0.6254370796866641
3.0, 0.6246111416957809
3.0, 0.6253099412524236
3.0, 0.62442069556787
4.0, 0.6241668577217834
5.0, 0.6233425971571542
5.0, 0.6216973400897451
5.0, 0.6227725929560721
5.0, 0.6204977836864658
5.0, 0.6192375931099922
5.0, 0.6187342337929125
5.0, 0.6190487853958926
5.0, 0.6186084579087342
5.0, 0.6177287423223774
5.0, 0.617917147427957
5.0, 0.6176031708338375
5.0, 0.617665953387022
5.0, 0.617665953387022
5.0, 0.6177915376405525
5.0, 0.6172893537777759
5.0, 0.6180427827544274
5.0, 0.6171011400886823
5.0, 0.6167875781249161
5.0, 0.6167875781249161
5.0, 0.6157852501219304
6.0, 0.6150345732047618
6.0, 0.614722061306744
6.0, 0.6142223725274837
6.0, 0.6138478725178659
6.0, 0.6133488943399592
6.0, 0.6128503217661657
6.0, 0.6127257419597171
7.0, 0.6128503217661657
7.0, 0.6137854780528769
7.0, 0.6131618821107692
7.0, 0.6140975138114674
7.0, 0.6152221565981849
8.0, 0.6132242131840088
8.0, 0.6120410055616881
8.0, 0.6129126211676867
8.0, 0.6130372389705405
8.0, 0.6129126211676867
8.0, 0.6128503217661657
8.0, 0.6130372389705405
8.0, 0.612289912033806
8.0, 0.6126634615535022
8.0, 0.612289912033806
8.0, 0.6115434961307165
8.0, 0.6116678355621549
8.0, 0.6119165902725
8.0, 0.6149095493851313
8.0, 0.6155349227342375
8.0, 0.6155974950393169
8.0, 0.6150345732047618
8.0, 0.6151596224443189
9.0, 0.6124766583151727
9.0, 0.611294893089613
9.0, 0.6107359056904681
9.0, 0.6109221780053362
9.0, 0.6117922002743693
10.0, 0.610984281401082
10.0, 0.6111085071326086
10.0, 0.6087525314451024
12.0, 0.6089381988377636
12.0, 0.6086287846347492
12.0, 0.6060359045942373
12.0, 0.6104876309488898
12.0, 0.6096814348602001
12.0, 0.609495540852269
12.0, 0.6127880286970571
-16.0, 0.8337361061636788
-16.0, 0.8337361061636788
-16.0, 0.8360274795499395
-16.0, 0.8339903927596315
-14.0, 0.8344143761123941
-13.0, 0.8281613750673279
-5.0, 0.8442257058348945
-4.0, 0.8425111384232444
-10.0, 0.8251363396145138
-9.0, 0.8328890440040432
-12.0, 0.8118248645278611
-11.0, 0.8174557990093255
-10.0, 0.8213705790443308
-9.0, 0.8245494226871941
-12.0, 0.8157955995345183
-13.0, 0.8333124674540275
-15.0, 0.8439682984560851
3.0, 0.8449983991172101
-13.0, 0.8481824643070531
3.0, 0.8449983991172101
3.0, 0.8449983991172101
-15.0, 0.8446548926077349
-13.0, 0.8368777335512863
-10.0, 0.8200357876811395
-13.0, 0.8481824643070531
-13.0, 0.8481824643070531
-13.0, 0.8471484820910512
-13.0, 0.8471484820910512
-16.0, 0.8419974475458767
-19.0, 0.8425111384232444
-19.0, 0.8425111384232444
-19.0, 0.8425111384232444
-19.0, 0.8425111384232444
-19.0, 0.8425111384232444
-21.0, 0.8331430722490002
-21.0, 0.8331430722490002
-21.0, 0.8331430722490002
-21.0, 0.8331430722490002
-21.0, 0.8331430722490002
-50.0, 0.8449983991172101
-50.0, 0.8449983991172101
-50.0, 0.8449983991172101
-45.0, 0.6446069703799479
-44.0, 0.6583811262183978
-54.0, 0.6863999551408653
-61.0, 0.6957427172148323
-62.0, 0.6901780327714025
-54.0, 0.6297752015795457
-54.0, 0.6300953661806857
-54.0, 0.6307361837607652
-51.0, 0.6351110610046536
-50.0, 0.6290074701232672
-52.0, 0.6490780574026588
-49.0, 0.6476281459656177
-49.0, 0.6521864796847681
-50.0, 0.664837322439828
-45.0, 0.6672746850600151
-48.0, 0.6781470367695644
-51.0, 0.6977257608672954
-49.0, 0.6752579951064638
-45.0, 0.6677496533239639
-48.0, 0.688916368610282
-50.0, 0.6918638466197697
-46.0, 0.6624762000879498
-44.0, 0.6595868689023517
-43.0, 0.6490780574026588
-45.0, 0.6825037918170187
-42.0, 0.6514576449217396
-42.0, 0.6546440041835364
-43.0, 0.6776646728789161
-41.0, 0.6535137234841546
-43.0, 0.6849362942342933
-43.0, 0.6794580416461472
-40.0, 0.6585149887080191
-39.0, 0.6496721381694337
-36.0, 0.637439444065459
-32.0, 0.6077632610207355
-30.0, 0.5911294227283735
-29.0, 0.5547423284190841
-20.0, 0.5104813135991699
-20.0, 0.5139175956315165
-25.0, 0.5274128734111552
-23.0, 0.5325306383945302
-20.0, 0.5369334098518928
-23.0, 0.5467369455497065
-18.0, 0.5363333732876258
-21.0, 0.5456265584303549
-21.0, 0.5357884674090113
-17.0, 0.522397390543977
-15.0, 0.5448506295182218
-19.0, 0.5631510758010174
-18.0, 0.5596699767746424
-20.0, 0.5943226970160054
-18.0, 0.588491440988391
-17.0, 0.5738998092960553
-18.0, 0.5553629604688065
-13.0, 0.5287011206221442
-15.0, 0.5390662266380613
-14.0, 0.5523228689588655
-21.0, 0.6057279651074783
-19.0, 0.6056048331289616
-16.0, 0.6027184262252783
-19.0, 0.6089381988377636
-18.0, 0.6098053956960993
-16.0, 0.5991754336730264
-16.0, 0.6011276048135419
-15.0, 0.5999677374294577
-15.0, 0.6014332055729028
-14.0, 0.6030248357251254
-15.0, 0.6028409713376184
-15.0, 0.5634373700836649
-16.0, 0.5799400770775527
-16.0, 0.5629221451183585
-16.0, 0.5658479954276313
-16.0, 0.5659630440193948
-16.0, 0.5652731031787663
-16.0, 0.5666538269633552
-16.0, 0.5718035182569535
-15.0, 0.570700231291557
-11.0, 0.5609799879704692
-15.0, 0.5943226970160054
-16.0, 0.6203085917358394
-15.0, 0.6611307540824395
-19.0, 0.6834062826196211
-23.0, 0.6545774630025238
-32.0, 0.6963087253001674
-23.0, 0.6695848428677533
-31.0, 0.6931309087182013
-23.0, 0.656776897257013
-29.0, 0.6679533146324247
-27.0, 0.6689045556895135
-18.0, 0.6292632765625442
-18.0, 0.5993581800843679
-17.0, 0.6288156835393988
-15.0, 0.6025959060238271
-15.0, 0.6014332055729028
-15.0, 0.6156600737051945
-14.0, 0.6107979901506708
-14.0, 0.6151596224443189
-14.0, 0.6225827074081206
-17.0, 0.6401666818396945
-17.0, 0.6539788966514568
-29.0, 0.7188920682976326
-32.0, 0.7425851786513582
-30.0, 0.7388956693382127
-22.0, 0.6954598857295502
-15.0, 0.6422524064057804
-17.0, 0.6505312149048816
-18.0, 0.6593857585525392
-20.0, 0.6749834910161169
-23.0, 0.6970877383469168
-25.0, 0.7155384475833348
-27.0, 0.7259416450095562
-21.0, 0.7002836959158855
-20.0, 0.7080858779089989
-27.0, 0.7474318890753963
-28.0, 0.7414537846658938
-27.0, 0.7566048956873882
-24.0, 0.7329113350367694
-22.0, 0.7208678135492934
-25.0, 0.744323336741407
-26.0, 0.7654235056632241
-26.0, 0.7701843739086217
-27.0, 0.7662798426234473
-24.0, 0.7613883041263142
-22.0, 0.7695583145659887
-23.0, 0.771124418024263
-25.0, 0.7738727720017108
-26.0, 0.7796366149189115
-26.0, 0.7880024372575526
-30.0, 0.8052498748707829
-31.0, 0.804677103124353
-30.0, 0.8148839274729421
-30.0, 0.8156297651467695
-30.0, 0.8157126781263776
-24.0, 0.8039412809113561
-21.0, 0.7981600033636709
-16.0, 0.7905698249210287
-17.0, 0.7889642291081138
-24.0, 0.8182871652993496
-23.0, 0.8110825061755935
-22.0, 0.8090239595054703
-23.0, 0.8167082915523359
-17.0, 0.7888038489835283
-16.0, 0.7912129777731614
-18.0, 0.7975112034867196
-23.0, 0.8174557990093255
-15.0, 0.8004349623235814
-23.0, 0.8202858957278791
-16.0, 0.8165422716331598
-20.0, 0.8283297573903623
-19.0, 0.84208304093663
-18.0, 0.8364524985152161
-19.0, 0.845170204755202
-18.0, 0.8481824643070531
-18.0, 0.8481824643070531
-18.0, 0.8481824643070531
-18.0, 0.8481824643070531
-18.0, 0.8481824643070531
-18.0, 0.8481824643070531
-18.0, 0.8481824643070531
-18.0, 0.8481824643070531
-18.0, 0.8481824643070531
-47.0, 0.840201994707956
-49.0, 0.8306062724016475
-49.0, 0.8069706374757022
-50.0, 0.8272358839411731
-53.0, 0.8374734258098745
-48.0, 0.8461157603576316
-50.0, 0.8344991986447582
-53.0, 0.8380695420841257
-53.0, 0.8309440655807055
-51.0, 0.8234605414620847
-51.0, 0.8377288522752461
-48.0, 0.7651901253516438
-48.0, 0.7715948702566411
-47.0, 0.7824153071007337
-47.0, 0.7920981673593999
-47.0, 0.7989717455051376
-46.0, 0.8056592471426022
-46.0, 0.8108352042746092
-46.0, 0.8115773362792114
-46.0, 0.8156297651467695
-46.0, 0.8179545173698459
-46.0, 0.8231257904654157
-46.0, 0.8301842240258281
-46.0, 0.8301842240258281
-46.0, 0.8301842240258281
-46.0, 0.8301842240258281
-46.0, 0.8301842240258281
-46.0, 0.8301842240258281
-46.0, 0.8301842240258281
-46.0, 0.8301842240258281
-46.0, 0.8301842240258281
-46.0, 0.8301842240258281
-46.0, 0.8301842240258281
-68.0, 0.8468041015355444
-62.0, 0.8435394605560576
-64.0, 0.8418262868638634
-69.0, 0.8474930027001628
-69.0, 0.8376437014652756
-77.0, 0.8378140117412364
-81.0, 0.8325504601575118
-80.0, 0.839689711747952
-80.0, 0.8343295622018024
-81.0, 0.8381547361829952
-81.0, 0.8381547361829952
-81.0, 0.8381547361829952
-81.0, 0.8381547361829952
-81.0, 0.8381547361829952
-81.0, 0.8381547361829952
-81.0, 0.8381547361829952
-81.0, 0.8381547361829952
-81.0, 0.8381547361829952
-81.0, 0.8381547361829952
-81.0, 0.8381547361829952
-84.0, 0.8157126781263776
-83.0, 0.8011675753132631
-83.0, 0.7954062439510506
-83.0, 0.7918566538499077
-83.0, 0.7926619853789518
-86.0, 0.7972680395235259
-84.0, 0.7953253950155698
-84.0, 0.7992966734702387
-85.0, 0.8059049703947669
-89.0, 0.826731506601062
-87.0, 0.8306062724016475
-86.0, 0.8401165925158338
-86.0, 0.8401165925158338
-86.0, 0.8401165925158338
-86.0, 0.8401165925158338
-86.0, 0.8401165925158338
-86.0, 0.8401165925158338
-86.0, 0.8401165925158338
-86.0, 0.8401165925158338
-86.0, 0.8401165925158338
-86.0, 0.8401165925158338
-86.0, 0.8401165925158338
-86.0, 0.8401165925158338
-86.0, 0.8401165925158338
-86.0, 0.8401165925158338
-86.0, 0.8401165925158338
-86.0, 0.8401165925158338
-86.0, 0.8401165925158338
-83.0, 0.8403728251378049
-85.0, 0.8363674774400114
-85.0, 0.8279930269729404
-85.0, 0.8249686064473244
-85.0, 0.8253880033117512
-85.0, 0.8253880033117512
-84.0, 0.825471908266685
-84.0, 0.8317891496645872
-84.0, 0.8390071536400995
-84.0, 0.8390071536400995
-84.0, 0.8390071536400995
-84.0, 0.8390071536400995
-84.0, 0.8390071536400995
-84.0, 0.8390071536400995
-84.0, 0.8390071536400995
-84.0, 0.8390071536400995
-84.0, 0.8390071536400995
-84.0, 0.8390071536400995
-84.0, 0.8390071536400995
-84.0, 0.8390071536400995
-84.0, 0.8390071536400995
-83.0, 0.8413985373646143
-83.0, 0.8304374273101534
-76.0, 0.800923296509475
-77.0, 0.7928231499424022
-77.0, 0.7962961248601786
-78.0, 0.7992154290926959
-79.0, 0.8019823762059636
-78.0, 0.8056592471426022
-82.0, 0.830859604409251
-82.0, 0.8408000531863122
-82.0, 0.8408000531863122
-82.0, 0.8408000531863122
-82.0, 0.8408000531863122
-82.0, 0.8408000531863122
-82.0, 0.8408000531863122
-82.0, 0.8408000531863122
-82.0, 0.8408000531863122
-82.0, 0.8408000531863122
-82.0, 0.8408000531863122
-82.0, 0.8408000531863122
-82.0, 0.8408000531863122
-83.0, 0.8477514851014372
-82.0, 0.8325504601575118
-84.0, 0.8333971779716834
-85.0, 0.8331430722490002
-85.0, 0.8330583875598784
-86.0, 0.835347898358732
-85.0, 0.8360274795499395
-85.0, 0.8392630478870943
-83.0, 0.8437967371408075
-83.0, 0.8437967371408075
-83.0, 0.8437967371408075
-83.0, 0.8437967371408075
-83.0, 0.8437967371408075
-83.0, 0.8437967371408075
-83.0, 0.8437967371408075
-83.0, 0.8437967371408075
-83.0, 0.8437967371408075
-83.0, 0.8437967371408075
-83.0, 0.8437967371408075
-83.0, 0.8437967371408075
-83.0, 0.8437967371408075
-83.0, 0.8437967371408075
-83.0, 0.8437967371408075
-83.0, 0.8437967371408075
-83.0, 0.8437967371408075
-83.0, 0.8437967371408075
-83.0, 0.8437967371408075
-83.0, 0.8437967371408075
-83.0, 0.8437967371408075
-83.0, 0.8437967371408075
-83.0, 0.8437967371408075
-83.0, 0.8437967371408075
-83.0, 0.8437967371408075
-83.0, 0.8437967371408075
-83.0, 0.8437967371408075
-83.0, 0.8437967371408075
-83.0, 0.8437967371408075
-83.0, 0.8437967371408075
-83.0, 0.8437967371408075
-83.0, 0.8437967371408075
-83.0, 0.8437967371408075
-83.0, 0.8437967371408075
-83.0, 0.8437967371408075
-83.0, 0.8437967371408075
-83.0, 0.8437967371408075
-83.0, 0.8437967371408075
-83.0, 0.8437967371408075
-83.0, 0.8437967371408075
-83.0, 0.8437967371408075
-83.0, 0.8437967371408075
-83.0, 0.8437967371408075
-83.0, 0.8437967371408075
-83.0, 0.8437967371408075
-83.0, 0.8437967371408075
-83.0, 0.8437967371408075
-83.0, 0.8437967371408075
-83.0, 0.8437967371408075
-83.0, 0.8437967371408075
-83.0, 0.8437967371408075
-83.0, 0.8437967371408075
-83.0, 0.8437967371408075
-83.0, 0.8437967371408075
-83.0, 0.8437967371408075
-83.0, 0.8437967371408075
-83.0, 0.8437967371408075
-83.0, 0.8437967371408075
-83.0, 0.8437967371408075
-83.0, 0.8437967371408075
-83.0, 0.8437967371408075
-83.0, 0.8437967371408075
-83.0, 0.8437967371408075
-83.0, 0.8437967371408075
-83.0, 0.8437967371408075
-83.0, 0.8437967371408075
-83.0, 0.8437967371408075
-83.0, 0.8437967371408075
-83.0, 0.8437967371408075
-83.0, 0.8437967371408075
-83.0, 0.8437967371408075
-83.0, 0.8437967371408075
-83.0, 0.8437967371408075
-83.0, 0.8437967371408075
-83.0, 0.8437967371408075
-83.0, 0.8437967371408075
-83.0, 0.8437967371408075
-83.0, 0.8437967371408075
-83.0, 0.8437967371408075
-83.0, 0.8437967371408075
-83.0, 0.8437967371408075
-83.0, 0.8437967371408075
-83.0, 0.8437967371408075
-83.0, 0.8437967371408075
-83.0, 0.8437967371408075
-83.0, 0.8437967371408075
-83.0, 0.8437967371408075
-83.0, 0.8437967371408075
-83.0, 0.8437967371408075
-83.0, 0.8437967371408075
-83.0, 0.8437967371408075
-83.0, 0.8437967371408075
-83.0, 0.8437967371408075
-83.0, 0.8437967371408075
-83.0, 0.8437967371408075
-83.0, 0.8437967371408075
-83.0, 0.8437967371408075
-83.0, 0.8437967371408075
-83.0, 0.8437967371408075
-83.0, 0.8437967371408075
-83.0, 0.8437967371408075
-83.0, 0.8437967371408075
-83.0, 0.8437967371408075
-83.0, 0.8437967371408075
-83.0, 0.8437967371408075
-83.0, 0.8437967371408075
-83.0, 0.8437967371408075
-83.0, 0.8437967371408075
-83.0, 0.8437967371408075
-83.0, 0.8437967371408075
-83.0, 0.8437967371408075
-83.0, 0.8437967371408075
-83.0, 0.8437967371408075
-83.0, 0.8437967371408075
-83.0, 0.8437967371408075
-83.0, 0.8437967371408075
-83.0, 0.8437967371408075
-83.0, 0.8437967371408075
-83.0, 0.8437967371408075
-83.0, 0.8437967371408075
-83.0, 0.8437967371408075
-83.0, 0.8437967371408075
-83.0, 0.8437967371408075
-83.0, 0.8437967371408075
-83.0, 0.8437967371408075
-83.0, 0.8437967371408075
-83.0, 0.8437967371408075
-83.0, 0.8437967371408075
-83.0, 0.8437967371408075
-83.0, 0.8437967371408075
-83.0, 0.8437967371408075
-83.0, 0.8437967371408075
-83.0, 0.8437967371408075
-83.0, 0.8437967371408075
-83.0, 0.8437967371408075
-83.0, 0.8437967371408075
-83.0, 0.8437967371408075
-83.0, 0.8437967371408075
-83.0, 0.8437967371408075
-83.0, 0.8437967371408075
-83.0, 0.8437967371408075
-83.0, 0.8437967371408075
-83.0, 0.8437967371408075
-83.0, 0.8437967371408075
-83.0, 0.8437967371408075
-83.0, 0.8437967371408075
-83.0, 0.8437967371408075
-83.0, 0.8437967371408075
-83.0, 0.8437967371408075
-83.0, 0.8437967371408075
-83.0, 0.8437967371408075
-83.0, 0.8437967371408075
-83.0, 0.8437967371408075
-83.0, 0.8437967371408075
-83.0, 0.8437967371408075
-83.0, 0.8437967371408075
-83.0, 0.8437967371408075
-83.0, 0.8437967371408075
-83.0, 0.8437967371408075
-83.0, 0.8437967371408075
-83.0, 0.8437967371408075
-83.0, 0.8437967371408075
-83.0, 0.8437967371408075
-83.0, 0.8437967371408075
-83.0, 0.8437967371408075
-83.0, 0.8437967371408075
-83.0, 0.8437967371408075
-83.0, 0.8437967371408075
-83.0, 0.8437967371408075
-83.0, 0.8437967371408075
-83.0, 0.8437967371408075
-83.0, 0.8437967371408075
-83.0, 0.8437967371408075
-83.0, 0.8437967371408075
-83.0, 0.8437967371408075
-83.0, 0.8437967371408075
-83.0, 0.8437967371408075
-83.0, 0.8437967371408075
-83.0, 0.8437967371408075
-83.0, 0.8437967371408075
-83.0, 0.8437967371408075
-83.0, 0.8437967371408075
-83.0, 0.8437967371408075
-83.0, 0.8437967371408075
-83.0, 0.8437967371408075
-83.0, 0.8437967371408075
-83.0, 0.8437967371408075
-83.0, 0.8437967371408075
-83.0, 0.8437967371408075
-83.0, 0.8437967371408075
-83.0, 0.8437967371408075
-83.0, 0.8437967371408075
-83.0, 0.8437967371408075
-83.0, 0.8437967371408075
-83.0, 0.8437967371408075
-83.0, 0.8437967371408075
-83.0, 0.8437967371408075
-83.0, 0.8437967371408075
-83.0, 0.8437967371408075
-83.0, 0.8437967371408075
-83.0, 0.8437967371408075
-83.0, 0.8437967371408075
-83.0, 0.8437967371408075
-83.0, 0.8437967371408075
-83.0, 0.8437967371408075
-83.0, 0.8437967371408075
-83.0, 0.8437967371408075
-83.0, 0.8437967371408075
-83.0, 0.8437967371408075
-83.0, 0.8437967371408075
-83.0, 0.8437967371408075
-83.0, 0.8437967371408075
-83.0, 0.8437967371408075
-83.0, 0.8437967371408075
-83.0, 0.8437967371408075
-83.0, 0.8437967371408075
-83.0, 0.8437967371408075
-83.0, 0.8437967371408075
-83.0, 0.8437967371408075
-83.0, 0.8437967371408075
-83.0, 0.8437967371408075
-83.0, 0.8437967371408075
-83.0, 0.8437967371408075
-83.0, 0.8437967371408075
-83.0, 0.8437967371408075
-83.0, 0.8437967371408075
-83.0, 0.8437967371408075
-83.0, 0.8437967371408075
-83.0, 0.8437967371408075
-83.0, 0.8437967371408075
-83.0, 0.8437967371408075
-83.0, 0.8437967371408075
-83.0, 0.8437967371408075
-83.0, 0.8437967371408075
-83.0, 0.8437967371408075
-83.0, 0.8437967371408075
-83.0, 0.8437967371408075
-83.0, 0.8437967371408075
-83.0, 0.8437967371408075
-83.0, 0.8437967371408075
-83.0, 0.8437967371408075
-83.0, 0.8437967371408075
-83.0, 0.8437967371408075
-83.0, 0.8437967371408075
-83.0, 0.8437967371408075
-83.0, 0.8437967371408075
-83.0, 0.8437967371408075
-83.0, 0.8437967371408075
-83.0, 0.8437967371408075
-83.0, 0.8437967371408075
-83.0, 0.8437967371408075
-83.0, 0.8437967371408075
-83.0, 0.8437967371408075
-83.0, 0.8437967371408075
-83.0, 0.8437967371408075
-83.0, 0.8437967371408075
-83.0, 0.8437967371408075
-83.0, 0.8437967371408075
-83.0, 0.8437967371408075
-83.0, 0.8437967371408075
-83.0, 0.8437967371408075
-83.0, 0.8437967371408075
-83.0, 0.8437967371408075
-83.0, 0.8437967371408075
-83.0, 0.8437967371408075
-83.0, 0.8437967371408075
-83.0, 0.8437967371408075
-83.0, 0.8437967371408075
-83.0, 0.8437967371408075
-83.0, 0.8437967371408075
-83.0, 0.8437967371408075
-83.0, 0.8437967371408075
-83.0, 0.8437967371408075
-83.0, 0.8437967371408075
-83.0, 0.8437967371408075
-83.0, 0.8437967371408075
-83.0, 0.8437967371408075
-83.0, 0.8437967371408075
-83.0, 0.8437967371408075
-83.0, 0.8437967371408075
-83.0, 0.8437967371408075
-83.0, 0.8437967371408075
-83.0, 0.8437967371408075
-83.0, 0.8437967371408075
-83.0, 0.8437967371408075
-83.0, 0.8437967371408075
-83.0, 0.8437967371408075
-83.0, 0.8437967371408075
-83.0, 0.8437967371408075
-83.0, 0.8437967371408075
-83.0, 0.8437967371408075
-83.0, 0.8437967371408075
-83.0, 0.8437967371408075
-83.0, 0.8437967371408075
-83.0, 0.8437967371408075
-83.0, 0.8437967371408075
-83.0, 0.8437967371408075
-83.0, 0.8437967371408075
-83.0, 0.8437967371408075
-83.0, 0.8437967371408075
-83.0, 0.8437967371408075
-83.0, 0.8437967371408075
-83.0, 0.8437967371408075
-83.0, 0.8437967371408075
-83.0, 0.8437967371408075
-83.0, 0.8437967371408075
-83.0, 0.8437967371408075
-83.0, 0.8437967371408075
-83.0, 0.8437967371408075
-83.0, 0.8437967371408075
-83.0, 0.8437967371408075
-83.0, 0.8437967371408075
-83.0, 0.8437967371408075
-83.0, 0.8437967371408075
-83.0, 0.8437967371408075
-83.0, 0.8437967371408075
-83.0, 0.8437967371408075
-83.0, 0.8437967371408075
-83.0, 0.8437967371408075
-83.0, 0.8437967371408075
-83.0, 0.8437967371408075
-83.0, 0.8437967371408075
-83.0, 0.8437967371408075
-83.0, 0.8437967371408075
-83.0, 0.8437967371408075
-83.0, 0.8437967371408075
-83.0, 0.8437967371408075
-83.0, 0.8437967371408075
-83.0, 0.8437967371408075
-83.0, 0.8437967371408075
-83.0, 0.8437967371408075
-83.0, 0.8437967371408075
-83.0, 0.8437967371408075
-83.0, 0.8437967371408075
-83.0, 0.8437967371408075
-83.0, 0.8437967371408075
-83.0, 0.8437967371408075
-83.0, 0.8437967371408075
-83.0, 0.8437967371408075
-83.0, 0.8437967371408075
-83.0, 0.8437967371408075
-83.0, 0.8437967371408075
-83.0, 0.8437967371408075
-83.0, 0.8437967371408075
-83.0, 0.8437967371408075
-83.0, 0.8437967371408075
-83.0, 0.8437967371408075
-83.0, 0.8437967371408075
-83.0, 0.8437967371408075
-83.0, 0.8437967371408075
-83.0, 0.8437967371408075
-83.0, 0.8437967371408075
-83.0, 0.8437967371408075
-83.0, 0.8437967371408075
-83.0, 0.8437967371408075
-83.0, 0.8437967371408075
-83.0, 0.8437967371408075
-83.0, 0.8437967371408075
-83.0, 0.8437967371408075
-83.0, 0.8437967371408075
-83.0, 0.8437967371408075
-83.0, 0.8437967371408075
-83.0, 0.8437967371408075
-83.0, 0.8437967371408075
-83.0, 0.8437967371408075
-83.0, 0.8437967371408075
-83.0, 0.8437967371408075
-83.0, 0.8437967371408075
-83.0, 0.8437967371408075
-83.0, 0.8437967371408075
-83.0, 0.8437967371408075
-83.0, 0.8437967371408075
-83.0, 0.8437967371408075
-83.0, 0.8437967371408075
-83.0, 0.8437967371408075
-83.0, 0.8437967371408075
-83.0, 0.8437967371408075
-83.0, 0.8437967371408075
-83.0, 0.8437967371408075
-83.0, 0.8437967371408075
-83.0, 0.8437967371408075
-83.0, 0.8437967371408075
-83.0, 0.8437967371408075
-83.0, 0.8437967371408075
-83.0, 0.8437967371408075
-83.0, 0.8437967371408075
-83.0, 0.8437967371408075
-83.0, 0.8437967371408075
-83.0, 0.8437967371408075
-83.0, 0.8437967371408075
-83.0, 0.8437967371408075
-83.0, 0.8437967371408075
-83.0, 0.8437967371408075
-83.0, 0.8437967371408075
-83.0, 0.8437967371408075
-83.0, 0.8437967371408075
-83.0, 0.8437967371408075
-83.0, 0.8437967371408075
-83.0, 0.8437967371408075
-83.0, 0.8437967371408075
-83.0, 0.8437967371408075
-83.0, 0.8437967371408075
-83.0, 0.8437967371408075
-83.0, 0.8437967371408075
-83.0, 0.8437967371408075
-83.0, 0.8437967371408075
-83.0, 0.8437967371408075
-83.0, 0.8437967371408075
-83.0, 0.8437967371408075
-83.0, 0.8437967371408075
-83.0, 0.8437967371408075
-83.0, 0.8437967371408075
-83.0, 0.8437967371408075
-83.0, 0.8437967371408075
-83.0, 0.8437967371408075
-83.0, 0.8437967371408075
-83.0, 0.8437967371408075
-83.0, 0.8437967371408075
-83.0, 0.8437967371408075
-83.0, 0.8437967371408075
-83.0, 0.8437967371408075
-83.0, 0.8437967371408075
-83.0, 0.8437967371408075
26.0, 0.40282794400083477
20.0, 0.4133220134822813
15.0, 0.42348637145035734
10.0, 0.42855298506455375
10.0, 0.42973078568674095
9.0, 0.43205218640843673
7.0, 0.432623499167652
6.0, 0.43390068990815595
6.0, 0.4342536814561001
6.0, 0.43363613456173467
6.0, 0.434430284904028
6.0, 0.43403302810078387
5.0, 0.4339889108857728
3.0, 0.43337174051842464
2.0, 0.4346511402164326
2.0, 0.4333276905198801
2.0, 0.4328434359478037
2.0, 0.4323597225423682
2.0, 0.43130622334408053
3.0, 0.4312623832946858
4.0, 0.43016782912008444
5.0, 0.42977447004132574
5.0, 0.4295997592629151
4.0, 0.43143777023348184
4.0, 0.4312185477014057
5.0, 0.4305615482280576
4.0, 0.4285965496896201
4.0, 0.4262503854247193
5.0, 0.4261637375294195
5.0, 0.4259471948433917
5.0, 0.42551443950499684
5.0, 0.42495251480837903
5.0, 0.42421880973726833
5.0, 0.4246502473984082
5.0, 0.4236155333122851
5.0, 0.42370166310500423
6.0, 0.4233572489703343
6.0, 0.42370166310500423
6.0, 0.42309912210797546
6.0, 0.4223686170264534
5.0, 0.42254038702461044
6.0, 0.4212538128154403
5.0, 0.4206547528766241
6.0, 0.42018466063049575
6.0, 0.4189052592666099
6.0, 0.41733269474187323
6.0, 0.4170782411348652
7.0, 0.417672207716503
6.0, 0.41818199513161014
7.0, 0.41847965841884305
7.0, 0.4189478431505036
7.0, 0.4186924047648199
6.0, 0.417714666254336
6.0, 0.41762975349436104
6.0, 0.41924605157081607
7.0, 0.419203437375577
7.0, 0.41954447225683994
7.0, 0.4197577599320036
8.0, 0.41882010448367796
8.0, 0.4189052592666099
8.0, 0.41924605157081607
7.0, 0.41937392015001324
8.0, 0.41954447225683994
8.0, 0.419203437375577
8.0, 0.4187349670109538
8.0, 0.4203982737641004
8.0, 0.42061199549417494
9.0, 0.42086860499533985
9.0, 0.42146796948375703
8.0, 0.42249743797719175
8.0, 0.4229271249743132
8.0, 0.4238739752299038
8.0, 0.42426193377102
8.0, 0.4246502473984082
8.0, 0.4259038995115583
8.0, 0.4268140263261529
8.0, 0.4283787708409783
7.0, 0.4289888306548642
7.0, 0.42890162609023647
8.0, 0.4282481566512212
8.0, 0.4305615482280576
9.0, 0.43200827053575036
9.0, 0.43214003154708935
9.0, 0.43469532475047645
9.0, 0.4341212759854902
8.0, 0.4353586320072514
8.0, 0.4358013990549139
8.0, 0.4372212818912578
9.0, 0.4382892290828736
9.0, 0.4386903814532444
9.0, 0.44092570101094675
9.0, 0.4427221546264908
10.0, 0.4417332012824306
9.0, 0.4433075765354226
10.0, 0.44393889665687614
10.0, 0.4466547535746035
10.0, 0.4464731806680735
10.0, 0.4476547253016676
9.0, 0.4495242866501669
9.0, 0.45112643000381636
9.0, 0.45030175865549105
8.0, 0.45117228933618725
8.0, 0.4528723659074541
9.0, 0.4542093353357906
9.0, 0.4567558179182302
9.0, 0.45601355402858135
10.0, 0.4552724963757449
10.0, 0.4564309289170826
10.0, 0.45922320755069435
10.0, 0.4587100140882753
11.0, 0.4591765298840794
11.0, 0.4602981044868169
11.0, 0.46330238155201886
11.0, 0.46400934068929744
11.0, 0.46528458671303524
11.0, 0.46651591376766866
10.0, 0.46689543880270906
10.0, 0.469226776150065
10.0, 0.47185745262393597
10.0, 0.4730580852831536
10.0, 0.4738280929535618
10.0, 0.4743099840897253
10.0, 0.47522692786214915
9.0, 0.4767752628599331
10.0, 0.4777455329146536
10.0, 0.4777455329146536
10.0, 0.4786204641029338
10.0, 0.4785231704528163
10.0, 0.47959448926755716
10.0, 0.4796920007389305
10.0, 0.47939952578698264
10.0, 0.4791072291611218
10.0, 0.47866911834591985
11.0, 0.47935079730185354
11.0, 0.4790098365617265
11.0, 0.47871777753486106
11.0, 0.47886378478244396
11.0, 0.48032630874415966
11.0, 0.48110814707128713
11.0, 0.481695360857963
11.0, 0.4819892364668076
11.0, 0.4816463990130597
11.0, 0.48081480867502524
11.0, 0.48081480867502524
11.0, 0.48179329947994903
11.0, 0.482136241497921
11.0, 0.48184227625804366
11.0, 0.4822832913650547
11.0, 0.4823323179533562
11.0, 0.48267564364640864
12.0, 0.48311742150842496
12.0, 0.4837562590280343
13.0, 0.48597414982215875
14.0, 0.4862212089623915
14.0, 0.4889471631502773
14.0, 0.4902411107416351
14.0, 0.49213842710298394
14.0, 0.4938422493149081
14.0, 0.4955519702942724
14.0, 0.4970654625521179
14.0, 0.4979757757750392
14.0, 0.49949667070919235
14.0, 0.5013788399101153
15.0, 0.502143900411046
15.0, 0.501480780590188
15.0, 0.5030635141577071
15.0, 0.5038823623639948
15.0, 0.5037799334919737
15.0, 0.5049077972080153
15.0, 0.5045999478307085
15.0, 0.5045999478307085
15.0, 0.5054726756120034
15.0, 0.5053699234621614
15.0, 0.5062954452665376
15.0, 0.5069134012654154
15.0, 0.5070164672361935
