0, 0, 3, 0.9, 0, 0
0.5348464001388058, 0.49220096817763687, 3, 0.9, 0, 0
0.5403648671046993, 0.49045402159964957, 3, 0.9, 0, 0
0.5406722078870914, 0.4893404500287666, 3, 0.9, 0, 0
0.5406722078870914, 0.4893404500287666, 3, 0.9, 1.528157204274855, 0.6312664028540184
0.5755539840903939, 0.48576411267013875, 3, 0.9, 1.5291063975863228, 0.6338269236466043
0.6468745984149658, 0.47557539477406996, 3, 0.9, 1.8937352795371118, 0.4502582898862344
0.7206462717078448, 0.4662820035970714, 3, 0.9, 1.8987254485511684, 0.4494881439665687
0.7713703251966397, 0.4605939725083842, 3, 0.9, 1.9064339030096662, 0.45095183197988187
0.7713703251966397, 0.4605939725083842, 3, 0.9, 1.9048102140940704, 0.4456245405794922
0.8071017145481945, 0.45942764707883826, 3, 0.9, 1.9078173651074741, 0.444688720169572
0.8513255467030665, 0.4601323949328342, 3, 0.9, 1.908830109054292, 0.4449352664237237
0.9097661839438262, 0.460651258011032, 3, 0.9, 1.909614796517691, 0.44748528597971243
0.9680533179991343, 0.4621652275016582, 3, 0.9, 1.9070596617979312, 0.4436571444465688
0.9680533179991343, 0.4621652275016582, 3, 0.9, 1.9073001694430232, 0.44550398142074155
1.0163977303290497, 0.4618848768727399, 1.8959911056137784, 1.0453973928492268, 1.9074971788107054, 0.44805007744791575
1.0821411542194892, 0.4639708095566846, 1.8959911056137784, 1.0453973928492268, 1.9098236868889675, 0.4493382862720325
1.0821411542194892, 0.4639708095566846, 1.8959911056137784, 1.0453973928492268, 1.9077633558600477, 0.4408312456606935
1.1283224960092888, 0.4647763345368867, 1.8959911056137784, 1.0453973928492268, 1.909362883565502, 0.44221029084282054
1.1624591181011956, 0.4706708601458174, 1.8959911056137784, 1.0453973928492268, 1.9219128725685681, 0.4486994926519182
1.1624591181011956, 0.4706708601458174, 1.8959911056137784, 1.0453973928492268, 1.9268821581046551, 0.4437920785247639
1.1884013000325762, 0.4804997663229638, 1.8959911056137784, 1.0453973928492268, 1.9301066006055123, 0.44374917804316516
1.2187377015734127, 0.4916868455464762, 1.8959911056137784, 1.0453973928492268, 1.9395836474727683, 0.4558707395858569
1.2187377015734127, 0.4916868455464762, 1.8959911056137784, 1.0453973928492268, 1.9405607709138475, 0.4544799569533204
1.25365853623533, 0.506770920145702, 1.8959911056137784, 1.0453973928492268, 1.9392796649517248, 0.4517969214584211
1.2875432181707964, 0.5208555511359798, 1.8959911056137784, 1.0453973928492268, 1.944979460084245, 0.46206251797795445
1.2875432181707964, 0.5208555511359798, 1.8959911056137784, 1.0453973928492268, 1.9434613195052364, 0.46222639918390707
1.315327117211483, 0.534348195580155, 1.8959911056137784, 1.0453973928492268, 1.942605737285651, 0.463012944823969
1.3404694132284936, 0.5483247134223435, 1.8959911056137784, 1.0453973928492268, 1.951013824133479, 0.47613478506530377
1.3660762276302423, 0.5647412768932529, 1.8959911056137784, 1.0453973928492268, 3.1665303583771687, 1.8319381355582067
1.3660762276302423, 0.5647412768932529, 1.8959911056137784, 1.0453973928492268, 3.155349753244175, 1.842915505546685
1.4083509118878033, 0.5890592778580426, 1.8959911056137784, 1.0453973928492268, 3.153961790744396, 1.859200714336433
1.4083509118878033, 0.5890592778580426, 1.8959911056137784, 1.0453973928492268, 3.154105013964968, 1.8617452646993502
1.434170296782359, 0.6065166649382095, 1.8959911056137784, 1.0453973928492268, 3.158115227605497, 1.8656153306429026
1.458203693561697, 0.6207718267839027, 1.8959911056137784, 1.0453973928492268, 3.1513371101759757, 1.8695640251636227
1.4798370899674782, 0.6364045220073866, 1.8959911056137784, 1.0453973928492268, 3.163775168401977, 1.8720388778914034
1.4798370899674782, 0.6364045220073866, 1.8959911056137784, 1.0453973928492268, 3.165702283560706, 1.8707815527430895
1.5018782720459758, 0.6507864931025642, 1.8959911056137784, 1.0453973928492268, 3.166307261820704, 1.874262516030988
1.5233061060961641, 0.6658078421737226, 1.8959911056137784, 1.0453973928492268, 3.1721883021214383, 1.8834899097214166
1.5233061060961641, 0.6658078421737226, 1.8959911056137784, 1.0453973928492268, 3.172457214442026, 1.8773085434642334
1.5440141399076295, 0.6808095032705215, 1.8959911056137784, 1.0453973928492268, 3.17004148046947, 1.8688834023146472
1.5632722279998372, 0.6952662263789149, 1.8959911056137784, 1.0453973928492268, 3.1692726562853144, 1.8695292726737356
1.5632722279998372, 0.6952662263789149, 1.8959911056137784, 1.0453973928492268, 3.1700556349034685, 1.869006621328935
1.5834062890065104, 0.7085686655304225, 1.8959911056137784, 1.0453973928492268, 3.1633042977289225, 1.8589344838500867
1.6014750548731016, 0.7229986932524444, 1.8959911056137784, 1.0453973928492268, 3.1653395494123004, 1.8663556956513325
1.6014750548731016, 0.7229986932524444, 1.8959911056137784, 1.0453973928492268, 3.1660936149180285, 1.8661332493962444
1.6196038871720346, 0.7370002445763928, 1.8959911056137784, 1.0453973928492268, 3.167947261712096, 1.8614470110801755
1.6372625291445648, 0.7498408389429319, 1.8959911056137784, 1.0453973928492268, 3.1717023738338517, 1.865843154158479
1.6372625291445648, 0.7498408389429319, 1.8959911056137784, 1.0453973928492268, 3.1734934629130356, 1.8646807031032153
1.652676341635219, 0.7620530698817469, 1.8959911056137784, 1.0453973928492268, 3.1725149101580605, 1.863413579742068
1.6752628009482917, 0.7818550661371477, 1.8959911056137784, 1.0453973928492268, 3.174007105243293, 1.867479316488815
1.689974166579249, 0.7949826485982214, 1.8959911056137784, 1.0453973928492268, 3.172688792835411, 1.8720928887293287
1.689974166579249, 0.7949826485982214, 1.8959911056137784, 1.0453973928492268, 3.1712320987691776, 1.8698380077406056
1.7033507140613382, 0.807043713122525, 1.8959911056137784, 1.0453973928492268, 3.1714800399250778, 1.873608903592718
1.716542720940403, 0.8164855325712703, 1.8959911056137784, 1.0453973928492268, 3.172375046797171, 1.8759766015471822
1.716542720940403, 0.8164855325712703, 1.8959911056137784, 1.0453973928492268, 3.1713616239830733, 1.872037210337475
1.7289475212587748, 0.8283263530268521, 1.8959911056137784, 1.0453973928492268, 3.171092303113848, 1.8704987922916636
1.7403925885701401, 0.8409400334666886, 1.8959911056137784, 1.0453973928492268, 3.171280000164885, 1.8742480227272817
1.7403925885701401, 0.8409400334666886, 1.8959911056137784, 1.0453973928492268, 3.172769288294354, 1.8764035634967353
1.7516667983500918, 0.8524151148972339, 1.8959911056137784, 1.0453973928492268, 3.174458211514505, 1.8770162994932158
1.7615257672349651, 0.8628180054824077, 1.8959911056137784, 1.0453973928492268, 3.1763176585903268, 1.8793547403677224
1.7715609314231626, 0.8725034316328627, 1.8959911056137784, 1.0453973928492268, 3.1775673964155886, 1.8818664980823605
1.7715609314231626, 0.8725034316328627, 1.8959911056137784, 1.0453973928492268, 3.1797717461078663, 1.8783441968486059
1.7821093326773654, 0.8819639406561834, 1.8959911056137784, 1.0453973928492268, 3.1796752342621817, 1.8764663610587302
1.7909855422676055, 0.8922850744752041, 1.8959911056137784, 1.0453973928492268, 3.180846458989615, 1.8779902832913327
1.7909855422676055, 0.8922850744752041, 1.8959911056137784, 1.0453973928492268, 3.1812930232800065, 1.8770230606114051
1.7996084694625036, 0.9015960855154448, 1.8959911056137784, 1.0453973928492268, 3.1821414589827546, 1.875392183905318
1.8078339550178266, 0.9111650503173014, 1.8959911056137784, 1.0453973928492268, 3.1814557360428988, 1.8778477525825163
1.8078339550178266, 0.9111650503173014, 1.8959911056137784, 1.0453973928492268, 3.18380788498122, 1.8755567528782415
1.8155181709582868, 0.9192410224185645, 1.8959911056137784, 1.0453973928492268, 3.184368237728802, 1.874545375456115
1.8223394279911815, 0.9278989755537566, 3, 0.9, 3.1848287470683254, 1.8758063614614617
1.8345393342934693, 0.9402823994024101, 3, 0.9, 3.188116926117819, 1.8760629816178842
1.8345393342934693, 0.9402823994024101, 3, 0.9, 3.188116926117819, 1.8760629816178842
1.8437262292644547, 0.9588557071528376, 3, 0.9, 3.188116926117819, 1.8760629816178842
1.8792634216580777, 0.9811901750618479, 3, 0.9, 3.188116926117819, 1.8760629816178842
1.8792634216580777, 0.9811901750618479, 3, 0.9, 3.188116926117819, 1.8760629816178842
1.9242634622633024, 0.9970150651255455, 3, 0.9, 3.188116926117819, 1.8760629816178842
1.966786744496292, 1.0067738800194512, 3, 0.9, 3.188116926117819, 1.8760629816178842
2.0038376041196835, 1.0098002146287997, 3, 0.9, 3.188116926117819, 1.8760629816178842
2.0038376041196835, 1.0098002146287997, 3, 0.9, 3.1912608082629155, 1.8844647705048971
2.036744524319321, 1.0138783886043319, 3, 0.9, 3.1997943639451316, 1.8934518083384742
2.0713256397510427, 1.018759787532704, 3, 0.9, 3.2115657358200536, 1.8990217506889984
2.0713256397510427, 1.018759787532704, 3, 0.9, 3.2160044877692826, 1.907428785434318
2.1073984138634154, 1.0240883490494472, 3, 0.9, 3.2254254405754152, 1.9106148219714707
2.1437755234059974, 1.0258075643724989, 3, 0.9, 3.2390075844356447, 1.903293991596939
2.1437755234059974, 1.0258075643724989, 3, 0.9, 3.241000092500741, 1.9020636743431942
2.194221273104394, 1.027079270850721, 3, 0.9, 3.2494806299889163, 1.8990284222545442
2.226849214163835, 1.0282729048907808, 3, 0.9, 3.26965216021524, 1.891708292127118
2.226849214163835, 1.0282729048907808, 3, 0.9, 3.2773328868414437, 1.8908463359905707
