0, 0, 3, 0.9, 0, 0
0.5498493563371135, 0.48940977465889013, 3, 0.9, 0, 0
0.540879188158523, 0.4940468516312728, 3, 0.9, 0, 0
0.5502149068581449, 0.4929454178559016, 3, 0.9, 0, 0
0.5502149068581449, 0.4929454178559016, 3, 0.9, 0, 0
0.6039851794557888, 0.48655587289752844, 3, 0.9, 0, 0
0.6817213586041888, 0.47537326803963154, 3, 0.9, 0, 0
0.7481009264282078, 0.46591538902283003, 3, 0.9, 0, 0
0.7481009264282078, 0.46591538902283003, 3, 0.9, 0, 0
0.7902126188595262, 0.4619753559557041, 3, 0.9, 0, 0
0.8256930618475405, 0.46165634909956876, 3, 0.9, 0, 0
0.8256930618475405, 0.46165634909956876, 3, 0.9, 0, 0
0.8749679599213933, 0.4614081157186072, 3, 0.9, 0, 0
0.8749679599213933, 0.4614081157186072, 3, 0.9, 0, 0
0.9354641067757778, 0.46179271391509225, 3, 0.9, 0, 0
0.990982815656005, 0.4625481371557908, 3, 0.9, 0, 0
1.0365876573866135, 0.4633487061572704, 3, 0.9, 0, 0
1.0365876573866135, 0.4633487061572704, 1.913612269917771, 1.028642804915954, 0, 0
1.0805884231675464, 0.46563787864782, 1.913612269917771, 1.028642804915954, 0, 0
1.1299908630715878, 0.46787122401466236, 1.913612269917771, 1.028642804915954, 0, 0
1.1781368751850336, 0.46909764872573306, 1.913612269917771, 1.028642804915954, 0, 0
1.1781368751850336, 0.46909764872573306, 1.913612269917771, 1.028642804915954, 0, 0
1.2087285706374842, 0.47568530152050853, 1.913612269917771, 1.028642804915954, 0, 0
1.2481282110879672, 0.4879699802860546, 1.913612269917771, 1.028642804915954, 0, 0
1.2834903458789417, 0.501116429351295, 1.913612269917771, 1.028642804915954, 0, 0
1.2834903458789417, 0.501116429351295, 1.913612269917771, 1.028642804915954, 0, 0
1.317763486569833, 0.5170108034246068, 1.913612269917771, 1.028642804915954, 0, 0
1.345865079318655, 0.5315959426073282, 1.913612269917771, 1.028642804915954, 0, 0
1.3709472048906526, 0.5440857255033813, 1.913612269917771, 1.028642804915954, 0, 0
1.3709472048906526, 0.5440857255033813, 1.913612269917771, 1.028642804915954, 0, 0
1.397107508738192, 0.5567862964592252, 1.913612269917771, 1.028642804915954, 0, 0
1.4237066209042404, 0.5745435409520504, 1.913612269917771, 1.028642804915954, 0, 0
1.4237066209042404, 0.5745435409520504, 1.913612269917771, 1.028642804915954, 0, 0
1.4499637937533238, 0.5901003360581563, 1.913612269917771, 1.028642804915954, 0, 0
1.4732370330812008, 0.6035678871045551, 1.913612269917771, 1.028642804915954, 0, 0
1.4943618834896863, 0.6186780656349068, 1.913612269917771, 1.028642804915954, 0, 0
1.4943618834896863, 0.6186780656349068, 1.913612269917771, 1.028642804915954, 0, 0
1.528149756833125, 0.6416146066759563, 1.913612269917771, 1.028642804915954, 0, 0
1.5504985067988317, 0.6560066140053852, 1.913612269917771, 1.028642804915954, 0, 0
1.5504985067988317, 0.6560066140053852, 1.913612269917771, 1.028642804915954, 0, 0
1.5703231716625974, 0.6702824559434066, 1.913612269917771, 1.028642804915954, 0, 0
1.588624224771721, 0.6838121697281487, 1.913612269917771, 1.028642804915954, 0, 0
1.588624224771721, 0.6838121697281487, 1.913612269917771, 1.028642804915954, 0, 0
1.6074143904993732, 0.6960526710221057, 1.913612269917771, 1.028642804915954, 0, 0
1.6252075806128752, 0.7099171611167601, 1.913612269917771, 1.028642804915954, 0, 0
1.6252075806128752, 0.7099171611167601, 1.913612269917771, 1.028642804915954, 0, 0
1.6432867609144357, 0.7243768063276106, 1.913612269917771, 1.028642804915954, 0, 0
1.65955347862403, 0.7371682251291496, 1.913612269917771, 1.028642804915954, 0, 0
1.67341035506008, 0.7489175474685889, 1.913612269917771, 1.028642804915954, 0, 0
1.67341035506008, 0.7489175474685889, 1.913612269917771, 1.028642804915954, 0, 0
1.687924034271986, 0.7608896030871487, 1.913612269917771, 1.028642804915954, 0, 0
1.7032818503448657, 0.7739749569406597, 1.913612269917771, 1.028642804915954, 0, 0
1.7032818503448657, 0.7739749569406597, 1.913612269917771, 1.028642804915954, 0, 0
1.7176254152141652, 0.7869196178802207, 1.913612269917771, 1.028642804915954, 0, 0
1.7309293408857844, 0.797940623357219, 1.913612269917771, 1.028642804915954, 0, 0
1.7309293408857844, 0.797940623357219, 1.913612269917771, 1.028642804915954, 0, 0
1.743926995357672, 0.8083207716331073, 1.913612269917771, 1.028642804915954, 0, 0
1.7554475675522478, 0.8200565850394956, 1.913612269917771, 1.028642804915954, 0, 0
1.7554475675522478, 0.8200565850394956, 1.913612269917771, 1.028642804915954, 0, 0
1.773160986401518, 0.8367244011133045, 1.913612269917771, 1.028642804915954, 0, 0
1.773160986401518, 0.8367244011133045, 1.913612269917771, 1.028642804915954, 0, 0
1.7834568316464565, 0.8470563114251625, 1.913612269917771, 1.028642804915954, 0, 0
1.7922351215167955, 0.8567050484903074, 1.913612269917771, 1.028642804915954, 0, 0
1.801182162635916, 0.8659944486438571, 1.913612269917771, 1.028642804915954, 0, 0
1.801182162635916, 0.8659944486438571, 1.913612269917771, 1.028642804915954, 0, 0
1.8111728763872732, 0.8754661875939361, 1.913612269917771, 1.028642804915954, 0, 0
1.821487170006933, 0.885494519814572, 1.913612269917771, 1.028642804915954, 0, 0
1.821487170006933, 0.885494519814572, 1.913612269917771, 1.028642804915954, 0, 0
1.8314067606001359, 0.8950525228729123, 1.913612269917771, 1.028642804915954, 0, 0
1.8389066993397876, 0.9047543484176988, 1.913612269917771, 1.028642804915954, 0, 0
1.8389066993397876, 0.9047543484176988, 3, 0.9, 0, 0
1.8473567719025248, 0.9130717803341305, 3, 0.9, 0, 0
1.8547261199992418, 0.9274593551342631, 3, 0.9, 0, 0
1.873310025557618, 0.9506989862457362, 3, 0.9, 0, 0
1.873310025557618, 0.9506989862457362, 3, 0.9, 0, 0
1.9140622492467143, 0.9734770209369443, 3, 0.9, 0, 0
1.9556138777322118, 0.9885155238612111, 3, 0.9, 0, 0
1.9556138777322118, 0.9885155238612111, 3, 0.9, 0, 0
1.9951422203417588, 0.995863661757459, 3, 0.9, 0, 0
1.9951422203417588, 0.995863661757459, 3, 0.9, 0, 0
2.0306145178459634, 0.9973753197125581, 3, 0.9, 0, 0
2.0651624046026935, 1.0014634024715199, 3, 0.9, 0, 0
2.0651624046026935, 1.0014634024715199, 3, 0.9, 0, 0
2.1022449358190918, 1.0049518374479638, 3, 0.9, 0, 0
2.139736874548067, 1.0062564946223764, 3, 0.9, 0, 0
2.139736874548067, 1.0062564946223764, 3, 0.9, 0, 0
2.173099456672357, 1.0092513926173048, 3, 0.9, 0, 0
2.2044685777341986, 1.009258011342736, 3, 0.9, 0, 0
2.2044685777341986, 1.009258011342736, 3, 0.9, 0, 0
2.237056816140984, 1.0098176697586578, 3, 0.9, 0, 0
2.2702487916117624, 1.0110721674060288, 3, 0.9, 0, 0
2.2702487916117624, 1.0110721674060288, 3, 0.9, 0, 0
2.301792385220916, 1.0113733354995373, 3, 0.9, 0, 0
2.330886905547862, 1.0117766801969124, 3, 0.9, 0, 0
2.330886905547862, 1.0117766801969124, 3, 0.9, 0, 0
2.3737336207619633, 1.0133635939821444, 3, 0.9, 0, 0
2.3737336207619633, 1.0133635939821444, 3, 0.9, 0, 0
2.403061847421965, 1.013455359877465, 3, 0.9, 0, 0
2.4316148926606838, 1.0125892146265425, 3, 0.9, 0, 0
2.4585687558558402, 1.011743484848909, 3, 0.9, 0, 0
2.4585687558558402, 1.011743484848909, 3, 0.9, 0, 0
2.4844413567385155, 1.0107539781203858, 3, 0.9, 0, 0
2.508830181879954, 1.0103900987168069, 3, 0.9, 0, 0
2.5440407477954117, 1.0097094755367748, 3, 0.9, 0, 0
2.5440407477954117, 1.0097094755367748, 3, 0.9, 0, 0
2.5675519584448847, 1.008181511598683, 3, 0.9, 0, 0
2.590862493616944, 1.0078038212596812, 3, 0.9, 0, 0
2.590862493616944, 1.0078038212596812, 3, 0.9, 0, 0
2.6126558084959157, 1.0061520263008608, 3, 0.9, 0, 0
2.6330165248616435, 1.0044029611007037, 3, 0.9, 0, 0
2.652008178857657, 1.0033161407403408, 3, 0.9, 0, 0
2.652008178857657, 1.0033161407403408, 3, 0.9, 0, 0
2.671520087843971, 1.0015280110722764, 3, 0.9, 0, 0
2.691234225710057, 0.9994313307921795, 3, 0.9, 0, 0
2.691234225710057, 0.9994313307921795, 3, 0.9, 0, 0
2.709729413771955, 0.99648614513504, 3, 0.9, 0, 0
2.7263430948761376, 0.9936647801872658, 3, 0.9, 0, 0
2.7263430948761376, 0.9936647801872658, 3, 0.9, 0, 0
2.7426503600076106, 0.9922484808079506, 3, 0.9, 0, 0
2.7586980281896603, 0.9902471947417352, 3, 0.9, 0, 0
2.7586980281896603, 0.9902471947417352, 3, 0.9, 0, 0
2.7739494851610327, 0.9867721896697418, 3, 0.9, 0, 0
2.789384857099071, 0.9848456920355857, 3, 0.9, 0, 0
2.789384857099071, 0.9848456920355857, 3, 0.9, 0, 0
2.8035103218384427, 0.9813233425502599, 3, 0.9, 0, 0
2.8162769484843153, 0.9783383561039088, 3, 0.9, 0, 0
2.836906156060996, 0.9758137185540379, 3, 0.9, 0, 0
2.836906156060996, 0.9758137185540379, 3, 0.9, 0, 0
2.8491807535921554, 0.9738894900208203, 3, 0.9, 0, 0
2.8603093343464554, 0.9696293150954185, 3, 0.9, 0, 0
2.8603093343464554, 0.9696293150954185, 3, 0.9, 0, 0
2.681245215251951, 1.1033453479894173, 3, 0.9, 0, 0
2.6616380383470615, 1.115569153199759, 2.0, 1.95, 0, 0
2.6616380383470615, 1.115569153199759, 2.0, 1.95, 0, 0
2.638420899356229, 1.1285087612726632, 2.0, 1.95, 0, 0
2.615710202275221, 1.1328760874677952, 2.0, 1.95, 0, 0
2.6313777623681496, 1.136896604938776, 2.0, 1.95, 0, 0
2.6313777623681496, 1.136896604938776, 2.0, 1.95, 0, 0
2.6860249028250918, 1.1401503012797445, 2.0, 1.95, 0, 0
2.7612065414093254, 1.150330149991277, 2.0, 1.95, 0, 0
2.7612065414093254, 1.150330149991277, 2.0, 1.95, 0, 0
2.793442330967082, 1.1708046114393356, 2.0, 1.95, 0, 0
2.8127160164550915, 1.2041534217285992, 2.0, 1.95, 0, 0
2.8127160164550915, 1.2041534217285992, 2.0, 1.95, 0, 0
2.821259400563103, 1.2448787306652171, 2.0, 1.95, 0, 0
2.8241297814555653, 1.2878589530184366, 2.0, 1.95, 0, 0
2.8202789482983643, 1.3265902011779707, 2.0, 1.95, 0, 0
2.8202789482983643, 1.3265902011779707, 2.0, 1.95, 0, 0
2.8050546066993665, 1.3592422137174303, 2.0, 1.95, 0, 0
2.783681277582274, 1.390192065129876, 2.0, 1.95, 0, 0
2.75547607724633, 1.4168654652507686, 2.0, 1.95, 0, 0
2.75547607724633, 1.4168654652507686, 2.0, 1.95, 0, 0
2.728366262472023, 1.4402629638970508, 2.0, 1.95, 0, 0
2.7051984371381437, 1.4629286024121877, 2.0, 1.95, 0, 0
2.6811633891292694, 1.4840098089054394, 2.0, 1.95, 0, 0
2.6811633891292694, 1.4840098089054394, 2.0, 1.95, 0, 0
2.6572041575647676, 1.5056809746064022, 2.0, 1.95, 0, 0
2.6318281613679293, 1.5279808516692484, 2.0, 1.95, 0, 0
2.6076039694047632, 1.54957267011355, 2.0, 1.95, 0, 0
2.584442401070823, 1.5701568522034997, 2.0, 1.95, 0, 0
2.584442401070823, 1.5701568522034997, 2.0, 1.95, 0, 0
2.562485009751616, 1.58899227538577, 2.0, 1.95, 0, 0
2.5298018427978732, 1.61617588621792, 2.0, 1.95, 0, 0
2.5298018427978732, 1.61617588621792, 2.0, 1.95, 0, 0
2.506817785512629, 1.633486692401013, 2.0, 1.95, 0, 0
2.4838355608643368, 1.6511467787602423, 2.0, 1.95, 0, 0
2.46284161168137, 1.6684059154044375, 2.0, 1.95, 0, 0
2.46284161168137, 1.6684059154044375, 2.0, 1.95, 0, 0
2.442975162597207, 1.6830532052829903, 2.0, 1.95, 0, 0
2.442975162597207, 1.6830532052829903, 2.0, 1.95, 0, 0
2.4233201386567176, 1.697289399784991, 2.0, 1.95, 0, 0
2.403463165071049, 1.7113417020881037, 2.0, 1.95, 0, 0
2.3845227587514155, 1.7259062586706841, 2.0, 1.95, 0, 0
2.3845227587514155, 1.7259062586706841, 2.0, 1.95, 0, 0
2.367150615491247, 1.7394685423481542, 2.0, 1.95, 0, 0
2.349488314146848, 1.752623507616814, 2.0, 1.95, 0, 0
2.349488314146848, 1.752623507616814, 2.0, 1.95, 0, 0
2.3325360488309244, 1.7652336345257127, 2.0, 1.95, 0, 0
2.315661633216221, 1.7766385894867052, 2.0, 1.95, 0, 0
2.3005187009197674, 1.7874830397477839, 2.0, 1.95, 0, 0
2.3005187009197674, 1.7874830397477839, 2.0, 1.95, 0, 0
2.284895215184803, 1.7988470748361391, 2.0, 1.95, 0, 0
2.2623386228584277, 1.8143599450612684, 2.0, 1.95, 0, 0
2.2623386228584277, 1.8143599450612684, 2.0, 1.95, 0, 0
2.248283791111359, 1.8240322873092238, 2.0, 1.95, 0, 0
2.2356166934963997, 1.832344852377426, 2.0, 1.95, 0, 0
2.2356166934963997, 1.832344852377426, 2.0, 1.95, 0, 0
2.2236341549897567, 1.840277050744639, 2.0, 1.95, 0, 0
2.2102554907117415, 1.850043188268561, 2.0, 1.95, 0, 0
2.2102554907117415, 1.850043188268561, 2.0, 1.95, 0, 0
2.1973460158898708, 1.8596339369266948, 2.0, 1.95, 0, 0
2.185719595796267, 1.8662484176929421, 2.0, 1.95, 0, 0
2.17414265475532, 1.8733442006754206, 2.0, 1.95, 0, 0
2.17414265475532, 1.8733442006754206, 2.0, 1.95, 0, 0
2.1635052881797314, 1.8797714032034687, 2.0, 1.95, 0, 0
2.1635052881797314, 1.8797714032034687, 2.0, 1.95, 0, 0
2.1533690022097796, 1.8870812258234337, 2.0, 1.95, 0, 0
2.142026739667282, 1.8939415815297411, 2.0, 1.95, 0, 0
2.142026739667282, 1.8939415815297411, 2.0, 1.95, 0, 0
2.1319822487955884, 1.9005214221910687, 2.0, 1.95, 0, 0
2.1183601565305703, 1.9098376232582064, 1.8, 2.6, 0, 0
2.1183601565305703, 1.9098376232582064, 1.8, 2.6, 0, 0
2.1075913822309924, 1.9152290980179316, 1.8, 2.6, 0, 0
2.0830636100315507, 1.9278532055480615, 1.8, 2.6, 0, 0
2.0830636100315507, 1.9278532055480615, 1.8, 2.6, 0, 0
2.0468941672396146, 1.9560806462418416, 1.8, 2.6, 0, 0
2.018741697534022, 1.9828728717835111, 1.8, 2.6, 0, 0
2.004234484522165, 2.0024719985658095, 1.8, 2.6, 0, 0
2.004234484522165, 2.0024719985658095, 1.8, 2.6, 0, 0
1.9907317452130222, 2.0215487915654027, 1.8, 2.6, 0, 0
1.9736831281192908, 2.0447154196150636, 1.8, 2.6, 0, 0
1.9736831281192908, 2.0447154196150636, 1.8, 2.6, 0, 0
1.9541025038274833, 2.069202592835815, 1.8, 2.6, 0, 0
1.9403706853132219, 2.092965079243836, 1.8, 2.6, 0, 0
1.9310970881064933, 2.113436310150827, 1.8, 2.6, 0, 0
1.9310970881064933, 2.113436310150827, 1.8, 2.6, 0, 0
1.9235054393184394, 2.1329642227038583, 1.8, 2.6, 0, 0
1.911743011430795, 2.1538178432573254, 1.8, 2.6, 0, 0
1.911743011430795, 2.1538178432573254, 1.8, 2.6, 0, 0
1.895224730975654, 2.1871534655074845, 1.8, 2.6, 0, 0
1.8862254352044692, 2.205555576137049, 1.8, 2.6, 0, 0
1.8862254352044692, 2.205555576137049, 1.8, 2.6, 0, 0
1.8789992127871935, 2.2234662492002273, 1.8, 2.6, 0, 0
1.8705471795610489, 2.240093844767361, 1.8, 2.6, 0, 0
1.8627725879717234, 2.258149401408439, 1.8, 2.6, 0, 0
1.8627725879717234, 2.258149401408439, 1.8, 2.6, 0, 0
1.8552930152936016, 2.276993034087747, 1.8, 2.6, 0, 0
1.8490556002388883, 2.293359926078447, 1.8, 2.6, 0, 0
1.8490556002388883, 2.293359926078447, 1.8, 2.6, 0, 0
1.8420271140350644, 2.3081414138818674, 1.8, 2.6, 0, 0
1.836237970340939, 2.3236201320228753, 1.8, 2.6, 0, 0
1.8310583967031748, 2.340250598550636, 1.8, 2.6, 0, 0
1.8310583967031748, 2.340250598550636, 1.8, 2.6, 0, 0
1.8273852709244598, 2.355665534392661, 1.8, 2.6, 0, 0
1.8219859466620403, 2.3694833669835287, 1.8, 2.6, 0, 0
1.816736455730553, 2.3822828921684813, 1.8, 2.6, 0, 0
1.816736455730553, 2.3822828921684813, 1.8, 2.6, 0, 0
1.8123087646237397, 2.396194687576071, 1.8, 2.6, 0, 0
1.8123087646237397, 2.396194687576071, 1.8, 2.6, 0, 0
1.8091762865408358, 2.4107570390709405, 1.8, 2.6, 0, 0
1.8037765051917047, 2.428962182887499, 1.8, 2.6, 0, 0
1.8037765051917047, 2.428962182887499, 1.8, 2.6, 0, 0
1.8012067987645999, 2.439467529568047, 1.8, 2.6, 0, 0
1.7978029460536988, 2.452728053189778, 1.8, 2.6, 0, 0
1.7978029460536988, 2.452728053189778, 2.0, 3.8, 0, 0
1.7950275916283698, 2.464199892964366, 2.0, 3.8, 0, 0
1.7936745555931517, 2.4759923733432934, 2.0, 3.8, 0, 0
1.7936745555931517, 2.4759923733432934, 2.0, 3.8, 0, 0
1.7881736857894925, 2.509526143358059, 2.0, 3.8, 0, 0
1.7811157888822782, 2.5690122979761476, 2.0, 3.8, 0, 0
1.7745505126381032, 2.62460386341406, 2.0, 3.8, 0, 0
1.7710237950506131, 2.661156362139292, 2.0, 3.8, 0, 0
1.7710237950506131, 2.661156362139292, 2.0, 3.8, 0, 0
1.770456067620525, 2.688277971338694, 2.0, 3.8, 0, 0
1.770456067620525, 2.688277971338694, 2.0, 3.8, 0, 0
1.7699891103099759, 2.7239102706031275, 2.0, 3.8, 0, 0
1.7701955964258833, 2.7698121645017886, 2.0, 3.8, 0, 0
1.7708777751533276, 2.814813715943754, 2.0, 3.8, 0, 0
1.7708777751533276, 2.814813715943754, 2.0, 3.8, 0, 0
1.7716028077728356, 2.864817903045442, 2.0, 3.8, 0, 0
1.7716028077728356, 2.864817903045442, 2.0, 3.8, 0, 0
1.7748002744330584, 2.8968000794403777, 2.0, 3.8, 0, 0
1.7748002744330584, 2.8968000794403777, 2.0, 3.8, 0, 0
1.7768396695483082, 2.935171173607262, 2.0, 3.8, 0, 0
1.778756708430492, 2.9744499180108726, 2.0, 3.8, 0, 0
1.778756708430492, 2.9744499180108726, 2.0, 3.8, 0, 0
1.781090942459774, 3.0085546940913064, 2.0, 3.8, 0, 0
1.7821018037478407, 3.037951574188628, 2.0, 3.8, 0, 0
1.7821018037478407, 3.037951574188628, 2.0, 3.8, 0, 0
1.7852257892229113, 3.0688066744923304, 2.0, 3.8, 0, 0
1.7892172993753477, 3.102504221090013, 2.0, 3.8, 0, 0
1.7892172993753477, 3.102504221090013, 2.0, 3.8, 0, 0
1.7933432226740167, 3.1355185158262864, 2.0, 3.8, 0, 0
1.798180578174126, 3.1655257581481915, 2.0, 3.8, 0, 0
1.798180578174126, 3.1655257581481915, 2.0, 3.8, 0, 0
1.8014035651450109, 3.1918951145109378, 2.0, 3.8, 0, 0
1.806071565391597, 3.2197456652002487, 2.0, 3.8, 0, 0
1.806071565391597, 3.2197456652002487, 2.0, 3.8, 0, 0
1.8127751670391692, 3.2622173419384075, 2.0, 3.8, 0, 0
1.8183345699453648, 3.2884032301098367, 2.0, 3.8, 0, 0
1.8212191711793517, 3.3134676745625047, 2.0, 3.8, 0, 0
1.8212191711793517, 3.3134676745625047, 2.0, 3.8, 0, 0
1.825449581428276, 3.3376942060749974, 2.0, 3.8, 0, 0
1.829101619839529, 3.361258403821637, 2.0, 3.8, 0, 0
1.8339695570971708, 3.3838891724090194, 2.0, 3.8, 0, 0
1.8384338742990467, 3.405659713787704, 2.0, 3.8, 0, 0
1.8384338742990467, 3.405659713787704, 2.0, 3.8, 0, 0
1.842587752405019, 3.426977234672665, 2.0, 3.8, 0, 0
1.842587752405019, 3.426977234672665, 2.0, 3.8, 0, 0
1.848090635256706, 3.4471928543841805, 2.0, 3.8, 0, 0
1.8528165598970756, 3.466002794211132, 2.0, 3.8, 0, 0
1.8563767907536548, 3.4849471141051755, 2.0, 3.8, 0, 0
1.8563767907536548, 3.4849471141051755, 2.0, 3.8, 0, 0
1.8612255970171356, 3.503713463718759, 2.0, 3.8, 0, 0
1.8663139198382628, 3.5208746866025744, 2.0, 3.8, 0, 0
1.8704686459593767, 3.537115476326554, 2.0, 3.8, 0, 0
1.8704686459593767, 3.537115476326554, 2.0, 3.8, 0, 0
1.8731236507645082, 3.5534528888966257, 2.0, 3.8, 0, 0
1.8789883836391281, 3.569405274558631, 2.0, 3.8, 0, 0
1.8830763220390156, 3.585249025996934, 2.0, 3.8, 0, 0
1.8830763220390156, 3.585249025996934, 2.0, 3.8, 0, 0
1.8902558684748327, 3.6066789353055606, 2.0, 3.8, 0, 0
1.895304667596288, 3.620127014255031, 2.0, 3.8, 0, 0
1.895304667596288, 3.620127014255031, 2.0, 3.8, 0, 0
1.9009393697231194, 3.633490136343146, 2.0, 3.8, 0, 0
1.9046705070905279, 3.646483608317393, 2.0, 3.8, 0, 0
1.9046705070905279, 3.646483608317393, 2.0, 3.8, 0, 0
1.9093612537795164, 3.6574976990878443, 2.0, 3.8, 0, 0
1.9136736008660833, 3.669729990884764, 2.0, 3.8, 0, 0
1.9171362801016787, 3.6816500895635236, 2.0, 3.8, 0, 0
1.9171362801016787, 3.6816500895635236, 1.6, 4.45, 0, 0
1.920767911205952, 3.691066439998935, 1.6, 4.45, 0, 0
1.9265869626183831, 3.6998403012161805, 1.6, 4.45, 0, 0
1.9265869626183831, 3.6998403012161805, 1.6, 4.45, 0, 0
1.9397436054396548, 3.7234972082345017, 1.6, 4.45, 0, 0
1.9435997985837983, 3.7630532264167584, 1.6, 4.45, 0, 0
1.9435997985837983, 3.7630532264167584, 1.6, 4.45, 0, 0
1.9406212267806837, 3.7998547958128275, 1.6, 4.45, 0, 0
1.9406212267806837, 3.7998547958128275, 1.6, 4.45, 0, 0
1.9335796371737077, 3.8305822902731137, 1.6, 4.45, 0, 0
1.9243978930572094, 3.8591743131987335, 1.6, 4.45, 0, 0
1.9243978930572094, 3.8591743131987335, 1.6, 4.45, 0, 0
1.9123479155578917, 3.900088983456062, 1.6, 4.45, 0, 0
1.9036086428887542, 3.9254869777314862, 1.6, 4.45, 0, 0
1.9036086428887542, 3.9254869777314862, 1.6, 4.45, 0, 0
1.8957877348984098, 3.944646189568265, 1.6, 4.45, 0, 0
1.8888527875037373, 3.960994409796569, 1.6, 4.45, 0, 0
1.8888527875037373, 3.960994409796569, 1.6, 4.45, 0, 0
1.8884663584014494, 3.981744823588802, 1.6, 4.45, 0, 0
1.8796386435942238, 4.010912748631258, 1.6, 4.45, 0, 0
1.8796386435942238, 4.010912748631258, 1.6, 4.45, 0, 0
1.8748550720635142, 4.040047429741758, 1.6, 4.45, 0, 0
1.8748550720635142, 4.040047429741758, 1.6, 4.45, 0, 0
1.8803996214205054, 4.0530348225681845, 1.6, 4.45, 0, 0
1.8869995880091666, 4.068770341022578, 1.6, 4.45, 0, 0
1.885868507686315, 4.099183383575128, 1.6, 4.45, 0, 0
1.885868507686315, 4.099183383575128, 1.6, 4.45, 0, 0
1.875634542068924, 4.124763292639511, 1.6, 4.45, 0, 0
1.88627712129952, 4.141374301257908, 1.6, 4.45, 0, 0
1.88627712129952, 4.141374301257908, 1.6, 4.45, 0, 0
1.896101398438591, 4.157867065692494, 1.6, 4.45, 0, 0
1.9045886572967266, 4.161485495887343, 1.6, 4.45, 0, 0
1.8878428115245254, 4.175349692559839, 1.6, 4.45, 0, 0
1.8878428115245254, 4.175349692559839, 1.6, 4.45, 0, 0
1.868497589596057, 4.1893718246565745, 1.6, 4.45, 0, 0
1.868497589596057, 4.1893718246565745, 1.6, 4.45, 0, 0
1.863269918477134, 4.188759652562817, 1.6, 4.45, 0, 0
1.8527747733050228, 4.184314607251876, 1.6, 4.45, 0, 0
1.8527747733050228, 4.184314607251876, 1.6, 4.45, 0, 0
1.8447062754527597, 4.1817137915321405, 1.6, 4.45, 0, 0
1.842962745532706, 4.17845049512852, 1.6, 4.45, 0, 0
1.842962745532706, 4.17845049512852, 1.6, 4.45, 0, 0
1.8484049589113838, 4.176735615091625, 1.6, 4.45, 0, 0
1.8484049589113838, 4.176735615091625, 1.6, 4.45, 0, 0
1.8574085716418252, 4.173998270064005, 1.6, 4.45, 0, 0
1.864399302769702, 4.168500072332227, 1.6, 4.45, 0, 0
1.864399302769702, 4.168500072332227, 1.6, 4.45, 0, 0
1.8666284785092229, 4.158681922021586, 1.6, 4.45, 0, 0
1.8666284785092229, 4.158681922021586, 1.6, 4.45, 0, 0
1.862724668152314, 4.1475921265006, 1.6, 4.45, 0, 0
1.7957773269487467, 4.132324985125306, 1.6, 4.45, 0, 0
1.7957773269487467, 4.132324985125306, 1.6, 4.45, 0, 0
1.770294266263184, 4.132146049114612, 1.6, 4.45, 0, 0
1.7682686575844293, 4.130342660781347, 1.6, 4.45, 0, 0
1.7682686575844293, 4.130342660781347, 1.6, 4.45, 0, 0
1.7634412866402414, 4.125701821442692, 1.6, 4.45, 0, 0
1.7634412866402414, 4.125701821442692, 1.6, 4.45, 0, 0
1.7328969025219825, 4.119837122061115, 1.6, 4.45, 0, 0
1.6970653901113826, 4.11436033300465, 1.6, 4.45, 0, 0
