0, 0, 3, 0.9, 0, 0
0.5598286888972651, 0.48760212982668943, 3, 0.9, 0, 0
0.5598286888972651, 0.48760212982668943, 3, 0.9, 0, 0
0.5554677679113987, 0.48949550463243446, 3, 0.9, 0, 0
0.547538309020651, 0.48985241036220495, 3, 0.9, 1.5387278680134588, 0.6350287465231133
0.5864744118634462, 0.4832112361124747, 3, 0.9, 1.5422607291599157, 0.6419462548025473
0.5864744118634462, 0.4832112361124747, 3, 0.9, 1.903588231684394, 0.4524639736266032
0.6974890394521983, 0.4645646476488795, 3, 0.9, 1.9099033563126375, 0.4526104854657659
0.6974890394521983, 0.4645646476488795, 3, 0.9, 1.908333722574735, 0.4473837665895554
0.7598422477510147, 0.4538651890249855, 3, 0.9, 1.910124608306449, 0.4508699340548376
0.8000286536105905, 0.4522525873725465, 3, 0.9, 1.9092478799218597, 0.44447436875006685
0.8368951288442119, 0.45225062554292644, 3, 0.9, 1.9235906790970305, 0.4496602963180353
0.888374556910265, 0.4521282082562669, 3, 0.9, 1.9225450073135584, 0.4499922583321735
0.888374556910265, 0.4521282082562669, 3, 0.9, 1.923212516231827, 0.45116264262739225
0.9487165616936264, 0.4506626848941895, 3, 0.9, 1.9224387505934448, 0.452092769083713
1.0026752670285042, 0.45003769002716265, 3, 0.9, 1.925121891140019, 0.4549015388250206
1.0026752670285042, 0.45003769002716265, 3, 0.9, 1.9200621345364084, 0.4519506792136615
1.0471010652043775, 0.4514589065611876, 1.9037278710567032, 1.0517282978662545, 1.9145647549073914, 0.44912339066960955
1.0915005760626117, 0.454704570676518, 1.9037278710567032, 1.0517282978662545, 1.9195701653820945, 0.4510967796284384
1.1420049235737149, 0.45683355693239774, 1.9037278710567032, 1.0517282978662545, 1.9267503576137912, 0.4549456749410116
1.1420049235737149, 0.45683355693239774, 1.9037278710567032, 1.0517282978662545, 1.9279918816369706, 0.451482362896692
1.1830723858703525, 0.4623292771321762, 1.9037278710567032, 1.0517282978662545, 1.9371451803386843, 0.4522346755897993
1.210937732848255, 0.4703953379924163, 1.9037278710567032, 1.0517282978662545, 1.9468942985460505, 0.44649849842386713
1.210937732848255, 0.4703953379924163, 1.9037278710567032, 1.0517282978662545, 1.9501800386426584, 0.439789120952588
1.2383903591273255, 0.4811846618999502, 1.9037278710567032, 1.0517282978662545, 1.9501611510889045, 0.43432684661644994
1.2715347305994056, 0.4966039465695052, 1.9037278710567032, 1.0517282978662545, 1.955076073347535, 0.44025728170565587
1.2715347305994056, 0.4966039465695052, 1.9037278710567032, 1.0517282978662545, 1.9542492736227715, 0.43898456692027493
1.3065910218607364, 0.5129629454080874, 1.9037278710567032, 1.0517282978662545, 1.9549802330299293, 0.4535602957562637
1.3488822715802393, 0.5358040639700723, 1.9037278710567032, 1.0517282978662545, 1.9647914691452726, 0.47207740419644645
1.3488822715802393, 0.5358040639700723, 1.9037278710567032, 1.0517282978662545, 1.969732419685985, 0.48361235642842154
1.3726502655497486, 0.5499036725697948, 1.9037278710567032, 1.0517282978662545, 3.1755775447041814, 1.876918101579871
1.3990381788434016, 0.5667001910187667, 1.9037278710567032, 1.0517282978662545, 3.1670485278414504, 1.889730819464127
1.4253008366977746, 0.5853691707022989, 1.9037278710567032, 1.0517282978662545, 3.1608889249311227, 1.8869095818390327
1.4253008366977746, 0.5853691707022989, 1.9037278710567032, 1.0517282978662545, 3.1625646907338485, 1.8827271081330479
1.4488827289269035, 0.6023155083271001, 1.9037278710567032, 1.0517282978662545, 3.1638008787792677, 1.8887356509675741
1.4715518377744718, 0.6151809972046006, 1.9037278710567032, 1.0517282978662545, 3.1762142155512167, 1.8794330806631738
1.4715518377744718, 0.6151809972046006, 1.9037278710567032, 1.0517282978662545, 3.173413400314325, 1.882083557881587
1.4932194967831354, 0.6306330085003602, 1.9037278710567032, 1.0517282978662545, 3.172406812929573, 1.8899990831568605
1.5146216895766633, 0.6477142919307313, 1.9037278710567032, 1.0517282978662545, 3.1761482278196893, 1.8990539443416161
1.5146216895766633, 0.6477142919307313, 1.9037278710567032, 1.0517282978662545, 3.1752475371242923, 1.8940705880396873
1.5365844688507253, 0.6635455182432706, 1.9037278710567032, 1.0517282978662545, 3.170281447002368, 1.890013933257724
1.5575103660195544, 0.6774456631230762, 1.9037278710567032, 1.0517282978662545, 3.1757310383185198, 1.8816943233818826
1.575104219988757, 0.6924732777877649, 1.9037278710567032, 1.0517282978662545, 3.1723785990411755, 1.8787320971181694
1.575104219988757, 0.6924732777877649, 1.9037278710567032, 1.0517282978662545, 3.1689066886408197, 1.868415438097945
1.5929501674696191, 0.7081121606925735, 1.9037278710567032, 1.0517282978662545, 3.170601334635294, 1.8693603265166119
1.6133294675213672, 0.7224664328580588, 1.9037278710567032, 1.0517282978662545, 3.1724076707437936, 1.8716861600856785
1.6133294675213672, 0.7224664328580588, 1.9037278710567032, 1.0517282978662545, 3.17122796676733, 1.8679519161503204
1.6308711176163198, 0.7381195671111803, 1.9037278710567032, 1.0517282978662545, 3.174718927240373, 1.866367611451889
1.6308711176163198, 0.7381195671111803, 1.9037278710567032, 1.0517282978662545, 3.1686876730998, 1.8766635419834348
1.6463889705481887, 0.7513423217555384, 1.9037278710567032, 1.0517282978662545, 3.16953348642887, 1.8800622575451587
1.6948384083232382, 0.7932918447478394, 1.9037278710567032, 1.0517282978662545, 3.1734469610005647, 1.8950311005895775
1.7063321773640794, 0.8030539999010726, 1.9037278710567032, 1.0517282978662545, 3.1758750617684335, 1.899778019776814
1.7075394750750021, 0.8038242805234441, 1.9037278710567032, 1.0517282978662545, 3.1738093660570335, 1.899495051953112
1.7165447077601912, 0.8129931509165516, 1.9037278710567032, 1.0517282978662545, 3.183961446207333, 1.897103243671197
1.7165447077601912, 0.8129931509165516, 1.9037278710567032, 1.0517282978662545, 3.1843972939999583, 1.8959661739228548
1.7367506406671773, 0.8309993463880656, 1.9037278710567032, 1.0517282978662545, 3.1822990596115, 1.8805741527752236
1.7543161558723868, 0.848397023692107, 1.9037278710567032, 1.0517282978662545, 3.1823321093864037, 1.8792139092908478
1.763977729635819, 0.8576587185917328, 1.9037278710567032, 1.0517282978662545, 3.1855315130995403, 1.8794597185261526
1.763977729635819, 0.8576587185917328, 1.9037278710567032, 1.0517282978662545, 3.186643890881363, 1.8751270892860201
1.7691095976985276, 0.8642275031206205, 1.9037278710567032, 1.0517282978662545, 3.187039005356769, 1.8802476110609394
1.7785278950337244, 0.8732626663900815, 1.9037278710567032, 1.0517282978662545, 3.1865344846936674, 1.885046271690922
1.7785278950337244, 0.8732626663900815, 1.9037278710567032, 1.0517282978662545, 3.1870819946705913, 1.884552827688914
1.797315133954743, 0.8924684065144448, 1.9037278710567032, 1.0517282978662545, 3.184723791594033, 1.8857792073813933
1.8080270444932012, 0.9029099711776584, 1.9037278710567032, 1.0517282978662545, 3.184265704081435, 1.8885027092373914
1.8157706421805466, 0.9109903668892889, 1.9037278710567032, 1.0517282978662545, 3.184370666488746, 1.88727090570099
1.8157706421805466, 0.9109903668892889, 1.9037278710567032, 1.0517282978662545, 3.187252479678071, 1.8816275920344316
1.8232172428127122, 0.9199706474542284, 1.9037278710567032, 1.0517282978662545, 3.1879535318223544, 1.883386109565464
1.8320218711482887, 0.9283365496693136, 1.9037278710567032, 1.0517282978662545, 3.190393965609398, 1.885017503463225
1.8409649261601966, 0.9374688969608913, 3, 0.9, 3.1926364902411413, 1.8853387981660041
1.8477366568165237, 0.9464098009374563, 3, 0.9, 3.1947194891504878, 1.8872942449570722
1.8477366568165237, 0.9464098009374563, 3, 0.9, 3.1947194891504878, 1.8872942449570722
1.851062917974876, 0.9622239239515991, 3, 0.9, 3.1947194891504878, 1.8872942449570722
1.8794819019524907, 0.9879493870121558, 3, 0.9, 3.1947194891504878, 1.8872942449570722
1.8794819019524907, 0.9879493870121558, 3, 0.9, 3.1947194891504878, 1.8872942449570722
1.9217582890256744, 1.0079190113460874, 3, 0.9, 3.1947194891504878, 1.8872942449570722
1.9665645960567153, 1.017914002603718, 3, 0.9, 3.1947194891504878, 1.8872942449570722
1.9665645960567153, 1.017914002603718, 3, 0.9, 3.1947194891504878, 1.8872942449570722
2.023630297541927, 1.0226394352823935, 3, 0.9, 3.2084455251346213, 1.8926611998096963
2.023630297541927, 1.0226394352823935, 3, 0.9, 3.215701282753791, 1.9013972745124523
2.0574300977388305, 1.0240141012961546, 3, 0.9, 3.227925620985114, 1.9056754872313455
2.0917515337453865, 1.028892464797155, 3, 0.9, 3.240992258234641, 1.9090223900307959
2.0917515337453865, 1.028892464797155, 3, 0.9, 3.248493300502866, 1.9136402709616895
2.128008765375391, 1.0342099129189726, 3, 0.9, 3.2467070678396652, 1.9168865860029658
2.163224400709447, 1.0361203128820065, 3, 0.9, 3.255683684286141, 1.9129304000451195
2.196943947062819, 1.0359778568437896, 3, 0.9, 3.263458903977944, 1.911006229340499
2.2293268373732786, 1.0380288115338556, 3, 0.9, 3.274235891917641, 1.90900704616925
2.2293268373732786, 1.0380288115338556, 3, 0.9, 3.2863706396039483, 1.9048628795158238
2.261229143785818, 1.03950154557654, 3, 0.9, 3.29649014644477, 1.902374075154213
2.2923627843809067, 1.0398022502419968, 3, 0.9, 3.29649014644477, 1.902374075154213
2.2923627843809067, 1.0398022502419968, 3, 0.9, 3.29649014644477, 1.902374075154213
2.3232496730389687, 1.0401670913368324, 3, 0.9, 3.29649014644477, 1.902374075154213
2.353295919063842, 1.0393948220749893, 3, 0.9, 3.29649014644477, 1.902374075154213
2.38233021748106, 1.0383465781053194, 3, 0.9, 3.29649014644477, 1.902374075154213
2.38233021748106, 1.0383465781053194, 3, 0.9, 3.29649014644477, 1.902374075154213
2.4095278684150134, 1.0364221343740536, 3, 0.9, 3.29649014644477, 1.902374075154213
2.4095278684150134, 1.0364221343740536, 3, 0.9, 3.29649014644477, 1.902374075154213
2.4361410623962056, 1.0351257910092655, 3, 0.9, 3.29649014644477, 1.902374075154213
2.4361410623962056, 1.0351257910092655, 3, 0.9, 3.29649014644477, 1.902374075154213
2.4774972715300816, 1.0325566537853827, 3, 0.9, 3.29649014644477, 1.902374075154213
2.503504276860926, 1.0310875813836904, 3, 0.9, 3.29649014644477, 1.902374075154213
2.5277405498754395, 1.0295883914804507, 3, 0.9, 3.29649014644477, 1.902374075154213
2.5277405498754395, 1.0295883914804507, 3, 0.9, 3.29649014644477, 1.902374075154213
2.5508524578528338, 1.0274898658922198, 3, 0.9, 3.29649014644477, 1.902374075154213
2.5732731057314355, 1.0252265389817312, 3, 0.9, 3.29649014644477, 1.902374075154213
2.5732731057314355, 1.0252265389817312, 3, 0.9, 3.29649014644477, 1.902374075154213
2.5949947404531715, 1.023446824112582, 3, 0.9, 3.29649014644477, 1.902374075154213
2.5949947404531715, 1.023446824112582, 3, 0.9, 3.29649014644477, 1.902374075154213
2.6167911127872343, 1.0217753418138713, 3, 0.9, 3.29649014644477, 1.902374075154213
2.6378050099589374, 1.0193386584825617, 3, 0.9, 3.29649014644477, 1.902374075154213
2.6378050099589374, 1.0193386584825617, 3, 0.9, 3.29649014644477, 1.902374075154213
2.6583711034786273, 1.016574603971636, 3, 0.9, 3.29649014644477, 1.902374075154213
2.6870593432479715, 1.0119263678613866, 3, 0.9, 3.29649014644477, 1.902374075154213
2.6870593432479715, 1.0119263678613866, 3, 0.9, 3.29649014644477, 1.902374075154213
2.7057052292266763, 1.0089157307080363, 3, 0.9, 3.29649014644477, 1.902374075154213
2.7240377280272483, 1.0066795536741122, 3, 0.9, 3.29649014644477, 1.902374075154213
2.7240377280272483, 1.0066795536741122, 3, 0.9, 3.29649014644477, 1.902374075154213
2.7410694825884314, 1.004007412853046, 3, 0.9, 3.29649014644477, 1.902374075154213
2.756654575160681, 1.001881503750004, 3, 0.9, 3.29649014644477, 1.902374075154213
2.756654575160681, 1.001881503750004, 3, 0.9, 3.29649014644477, 1.902374075154213
2.7718149432365955, 0.9978720848640795, 3, 0.9, 3.29649014644477, 1.902374075154213
2.7862734446687987, 0.9949589703220516, 3, 0.9, 3.29649014644477, 1.902374075154213
2.7862734446687987, 0.9949589703220516, 3, 0.9, 3.29649014644477, 1.902374075154213
2.80063787755059, 0.9920581483722393, 3, 0.9, 3.29649014644477, 1.902374075154213
2.815205048194665, 0.9909040082479876, 3, 0.9, 3.29649014644477, 1.902374075154213
2.815205048194665, 0.9909040082479876, 3, 0.9, 3.29649014644477, 1.902374075154213
2.828358609804514, 0.9894020039284569, 3, 0.9, 3.29649014644477, 1.902374075154213
2.840735937919354, 0.9858646958082061, 3, 0.9, 3.29649014644477, 1.902374075154213
2.840735937919354, 0.9858646958082061, 3, 0.9, 3.29649014644477, 1.902374075154213
2.8526219009347815, 0.9822767878946861, 3, 0.9, 3.29649014644477, 1.902374075154213
2.8526219009347815, 0.9822767878946861, 3, 0.9, 3.29649014644477, 1.902374075154213
2.863995121828326, 0.9781818341090323, 3, 0.9, 3.29649014644477, 1.902374075154213
2.8464384336787947, 1.0150306767125674, 3, 0.9, 3.29649014644477, 1.902374075154213
2.818437363376236, 1.0370178948611002, 2.0, 1.95, 3.29649014644477, 1.902374075154213
2.818437363376236, 1.0370178948611002, 2.0, 1.95, 3.29649014644477, 1.902374075154213
2.796261078935862, 1.0543786813761065, 2.0, 1.95, 3.29649014644477, 1.902374075154213
2.796261078935862, 1.0543786813761065, 2.0, 1.95, 3.29649014644477, 1.902374075154213
2.7771268452772215, 1.0597046838448014, 2.0, 1.95, 3.29649014644477, 1.902374075154213
2.8020951575934574, 1.062440717484745, 2.0, 1.95, 3.29649014644477, 1.902374075154213
2.8020951575934574, 1.062440717484745, 2.0, 1.95, 3.29649014644477, 1.902374075154213
2.91877722479832, 1.0642965442007755, 2.0, 1.95, 3.29649014644477, 1.902374075154213
2.91877722479832, 1.0642965442007755, 2.0, 1.95, 3.29649014644477, 1.902374075154213
2.969172343130801, 1.0886523288987733, 2.0, 1.95, 3.29649014644477, 1.902374075154213
2.985131841550411, 1.1232900093955165, 2.0, 1.95, 3.29649014644477, 1.902374075154213
2.985131841550411, 1.1232900093955165, 2.0, 1.95, 3.29649014644477, 1.902374075154213
3.0007619832244554, 1.1637781962066014, 2.0, 1.95, 3.29649014644477, 1.902374075154213
3.011572695663474, 1.2089719225030782, 2.0, 1.95, 3.29649014644477, 1.902374075154213
3.0115138609864873, 1.2550375120301946, 2.0, 1.95, 3.29649014644477, 1.902374075154213
2.997809406335916, 1.2984979805358425, 2.0, 1.95, 3.29649014644477, 1.902374075154213
2.997809406335916, 1.2984979805358425, 2.0, 1.95, 3.29649014644477, 1.902374075154213
2.9556323091359817, 1.3416671995673155, 2.0, 1.95, 3.29649014644477, 1.902374075154213
2.923447231743485, 1.3653397024607368, 2.0, 1.95, 3.29649014644477, 1.902374075154213
2.923447231743485, 1.3653397024607368, 2.0, 1.95, 3.29649014644477, 1.902374075154213
2.8837115006454406, 1.381627347290602, 2.0, 1.95, 0, 0
2.849829298643184, 1.3994877276750817, 2.0, 1.95, 0, 0
2.849829298643184, 1.3994877276750817, 2.0, 1.95, 0, 0
2.7886915846535287, 1.4293483024873503, 2.0, 1.95, 0, 0
2.7886915846535287, 1.4293483024873503, 2.0, 1.95, 3.537608374950621, 4.665899833498801
2.7392005728154873, 1.4539364652338196, 2.0, 1.95, 3.5153238535296505, 4.674009911651594
2.7065776157755144, 1.4697187931346107, 2.0, 1.95, 3.5171454384897385, 4.678161454515066
2.67756686150202, 1.4837598022323548, 2.0, 1.95, 3.510769171371424, 4.692640159198644
2.67756686150202, 1.4837598022323548, 2.0, 1.95, 3.5053121599320565, 4.679724864488799
2.67756686150202, 1.4837598022323548, 2.0, 1.95, 3.52933359540268, 4.675498488227098
2.620876029315453, 1.5120187396857423, 2.0, 1.95, 3.5376573587493074, 4.677404014577421
2.620876029315453, 1.5120187396857423, 2.0, 1.95, 3.552819550931099, 4.663586860452771
2.560489254286143, 1.543037714548872, 2.0, 1.95, 3.551482549300078, 4.663817189355665
2.560489254286143, 1.543037714548872, 2.0, 1.95, 3.548264901609874, 4.664533630704679
2.495605897753193, 1.574204184432677, 2.0, 1.95, 3.5124565763622972, 4.686952708276973
2.470324215881496, 1.5872029752125263, 2.0, 1.95, 3.5051611144918398, 4.687110330207892
2.4464091060878324, 1.601117069633545, 2.0, 1.95, 3.4746162514007435, 4.705811176071818
2.4243124802788953, 1.6140600224596904, 2.0, 1.95, 3.468030888771995, 4.7044577146369315
2.4243124802788953, 1.6140600224596904, 2.0, 1.95, 3.451147104016638, 4.711952467315619
2.4031494196618928, 1.6256053143711613, 2.0, 1.95, 3.458099011861741, 4.701301410153984
2.380891822714607, 1.6392932425610727, 2.0, 1.95, 3.4537369554791852, 4.702397467403373
2.3485920359093146, 1.6575974271190546, 2.0, 1.95, 3.4441488053007085, 4.7079140871960075
2.3485920359093146, 1.6575974271190546, 2.0, 1.95, 3.4444419788344516, 4.707121668421302
2.330193224370931, 1.6676238289649339, 2.0, 1.95, 3.431735969570714, 4.713127030985562
2.3121577724200337, 1.6771849676485255, 2.0, 1.95, 3.419482079703528, 4.720842852313617
2.293802156929993, 1.688835387382671, 2.0, 1.95, 3.404371497630985, 4.728807512698358
2.293802156929993, 1.688835387382671, 2.0, 1.95, 3.403040212778865, 4.724200506989905
2.2757837990903127, 1.7003333037487447, 2.0, 1.95, 3.3866700054331402, 4.736109512457818
2.2588386825247624, 1.7107214664630999, 2.0, 1.95, 3.3716459367734104, 4.751292025059856
2.2588386825247624, 1.7107214664630999, 2.0, 1.95, 3.365654480710878, 4.761196987417584
2.2432613001148236, 1.7211796525990664, 2.0, 1.95, 3.3622802851119085, 4.774697515743615
2.2200383397887293, 1.7355582135038528, 2.0, 1.95, 3.348517108043951, 4.802649019260203
2.204536944396981, 1.7456460943967207, 2.0, 1.95, 1.0622335926350999, 2.39054043622332
2.204536944396981, 1.7456460943967207, 2.0, 1.95, 1.062572343906344, 2.389211840144237
2.1908152784235315, 1.755759727913567, 2.0, 1.95, 1.0612916702227952, 2.390297322186027
2.1780269976234727, 1.764864802003263, 2.0, 1.95, 1.0604433692337965, 2.390476236648823
2.1780269976234727, 1.764864802003263, 2.0, 1.95, 1.0605379945106381, 2.388474209289329
2.1652673995385836, 1.7741893693772537, 2.0, 1.95, 1.0605111196108463, 2.3868572217144077
2.1520991997334824, 1.7817782107837483, 2.0, 1.95, 1.0591690681880208, 2.3867170953131405
2.1520991997334824, 1.7817782107837483, 2.0, 1.95, 1.0594232978694962, 2.3845965627427197
2.1350132342842185, 1.7949689190538358, 2.0, 1.95, 1.0592916960952217, 2.384116572803822
2.1250886180497934, 1.8020956288556584, 2.0, 1.95, 1.058104926792426, 2.383980438905804
2.1250886180497934, 1.8020956288556584, 2.0, 1.95, 1.058111669382677, 2.383770979660371
2.114327184004118, 1.8092615298653414, 2.0, 1.95, 1.0588114671828701, 2.3842312111224366
2.114327184004118, 1.8092615298653414, 2.0, 1.95, 1.058413624041153, 2.384110756265737
2.104173711984374, 1.818322076534515, 2.0, 1.95, 1.0581361481055283, 2.383614496218459
2.0891157553670703, 1.8287283315050318, 2.0, 1.95, 1.0577048121400765, 2.3834584582221807
2.0891157553670703, 1.8287283315050318, 2.0, 1.95, 1.0570287298902685, 2.3835709098203077
2.081648684703884, 1.8345516343231059, 2.0, 1.95, 1.0569642385578344, 2.3837450838599703
2.081648684703884, 1.8345516343231059, 1.8, 2.6, 1.0566464424782935, 2.3848592951276126
2.074192029843133, 1.8417481055616802, 1.8, 2.6, 1.0562731639213492, 2.3839389314045243
2.0623771381887566, 1.8483691881918363, 1.8, 2.6, 1.0567612674935472, 2.3825637082175426
2.042533225846658, 1.86778835766324, 1.8, 2.6, 1.0568745323076878, 2.3832046683098147
2.042533225846658, 1.86778835766324, 1.8, 2.6, 1.0561223728537974, 2.37798699588289
2.013178171751724, 1.9016471733407485, 1.8, 2.6, 1.054513053833189, 2.3773041008688893
1.9864688056908233, 1.9330554105505127, 1.8, 2.6, 1.0508048597442088, 2.371849165266186
1.9864688056908233, 1.9330554105505127, 1.8, 2.6, 1.049891603064657, 2.3713687129697556
1.966706168321844, 1.964005542443967, 1.8, 2.6, 1.04766128697405, 2.3718596340027105
1.9585042937351387, 1.9849011796264975, 1.8, 2.6, 1.0460734068488997, 2.380385475928569
1.9585042937351387, 1.9849011796264975, 1.8, 2.6, 1.0449670136977414, 2.381696880786901
1.9444623018266745, 2.0124535599817888, 1.8, 2.6, 1.0462099522476884, 2.3904850953551398
1.9274239202879637, 2.0411150612429108, 1.8, 2.6, 1.044666191570283, 2.395542370463866
1.9274239202879637, 2.0411150612429108, 1.8, 2.6, 1.0438508738080872, 2.394345836492703
1.915637445538688, 2.066306119437927, 1.8, 2.6, 1.0428138608188147, 2.3925160526030345
1.9066639643194014, 2.086275677139767, 1.8, 2.6, 2.5651992350361086, 4.696233550279053
1.9066639643194014, 2.086275677139767, 1.8, 2.6, 2.570767956729159, 4.685496170893888
1.891172260830704, 2.118743841901858, 1.8, 2.6, 2.577144714790253, 4.686732679784027
1.8814909279232466, 2.1433026202333423, 1.8, 2.6, 2.5875752949518365, 4.687669659090416
1.8814909279232466, 2.1433026202333423, 1.8, 2.6, 2.5925994067266274, 4.685801295502383
1.8706467588449829, 2.1648688391184883, 1.8, 2.6, 2.5913397863702308, 4.688611948371444
1.8642639082986345, 2.1836260302435733, 1.8, 2.6, 2.59561154266266, 4.688610421384591
1.859122483167208, 2.201047383452149, 1.8, 2.6, 2.597294556288962, 4.690989815042025
1.859122483167208, 2.201047383452149, 1.8, 2.6, 2.598641856285686, 4.684889528573222
1.85157819906461, 2.221557307327661, 1.8, 2.6, 2.601848366741333, 4.682378628114668
1.85157819906461, 2.221557307327661, 1.8, 2.6, 2.598242323038071, 4.674114062286035
1.8429647765805908, 2.242085754738797, 1.8, 2.6, 2.6012453911606905, 4.6704673062248325
1.833985114212389, 2.2693050891126036, 1.8, 2.6, 2.6097313151911803, 4.6669391349285965
1.833985114212389, 2.2693050891126036, 1.8, 2.6, 2.6122139517557876, 4.664053454303344
1.8295820734642327, 2.286690546603567, 1.8, 2.6, 2.615655877875494, 4.66164014063793
1.8295820734642327, 2.286690546603567, 1.8, 2.6, 2.6184275698832753, 4.6611178625304275
1.8253119377992322, 2.3045561459890473, 1.8, 2.6, 2.618996554837106, 4.661115398703038
1.8200514115675892, 2.3222131152580414, 1.8, 2.6, 2.617934781844754, 4.659151298252592
1.8200514115675892, 2.3222131152580414, 1.8, 2.6, 2.615449788333623, 4.659224038101851
1.8165450582347207, 2.3379187061830935, 1.8, 2.6, 2.61682585184293, 4.657303511046396
1.8088913741221364, 2.3604712341900553, 1.8, 2.6, 2.623410529039141, 4.657813763603086
1.8044523556900511, 2.375628978592162, 1.8, 2.6, 2.6277852407938282, 4.658382966016226
1.8044523556900511, 2.375628978592162, 1.8, 2.6, 2.6278046752454243, 4.655678308766581
1.7999460033905665, 2.388563107436152, 1.8, 2.6, 2.6332201940649806, 4.655220272614642
1.7999460033905665, 2.388563107436152, 1.8, 2.6, 2.6310183958748716, 4.655491490813551
1.7987875443580315, 2.4016624956917134, 1.8, 2.6, 2.630019612710491, 4.6529026145636205
1.7961161534945138, 2.4141176500807324, 1.8, 2.6, 2.6299713694275013, 4.644406155022807
1.7961161534945138, 2.4141176500807324, 1.8, 2.6, 2.630891835460311, 4.640454408436239
1.7928867301186546, 2.433968046163921, 1.8, 2.6, 2.63310584721985, 4.638554791551669
1.7906645669695875, 2.447005518731061, 1.8, 2.6, 2.6384933999227704, 4.635223022744867
1.7906645669695875, 2.447005518731061, 1.8, 2.6, 2.638642748675818, 4.629710473175337
1.7887899133406828, 2.4582849989394586, 1.8, 2.6, 2.6348445968679277, 4.628243242865233
1.7872575042616545, 2.4697429971247664, 2.0, 3.8, 2.6352479727649785, 4.6244521268646155
1.7867002523419222, 2.4815615067726853, 2.0, 3.8, 2.6345767532817908, 4.617757740396255
1.7867002523419222, 2.4815615067726853, 2.0, 3.8, 2.630015788159204, 4.615572997019447
1.7853662927519545, 2.4973691046867366, 2.0, 3.8, 2.632558935588405, 4.619230587936488
1.7853662927519545, 2.4973691046867366, 2.0, 3.8, 2.6250160686895576, 4.618001529349191
1.7802524395893753, 2.542408201101203, 2.0, 3.8, 2.6271949494204554, 4.612868032777034
1.7723824213450385, 2.630931335438131, 2.0, 3.8, 2.6298707847611813, 4.616682622036093
1.7710258154156175, 2.6695794934841786, 2.0, 3.8, 2.6307175650793715, 4.616670225066384
1.7710258154156175, 2.6695794934841786, 2.0, 3.8, 2.630808791877551, 4.612068096641368
1.769864443914564, 2.6956400233375133, 2.0, 3.8, 2.6436478947627817, 4.613475627322737
1.769864443914564, 2.6956400233375133, 2.0, 3.8, 2.641305023163614, 4.6162534926890455
1.7694583440796028, 2.729603468141067, 2.0, 3.8, 2.6386876999533113, 4.612213127896463
1.7704185880463985, 2.7749745947694, 2.0, 3.8, 2.6410270728557554, 4.607385980455197
1.7704185880463985, 2.7749745947694, 2.0, 3.8, 2.638971212320584, 4.602141350787418
1.7717939427475864, 2.8207889855156045, 2.0, 3.8, 2.636753166132299, 4.601107500739334
1.7737358084553343, 2.8558807289543835, 2.0, 3.8, 2.6395423337903368, 4.599689022969284
1.7749733585021374, 2.9012506988671096, 2.0, 3.8, 2.6377373894101828, 4.603266444695973
1.7749733585021374, 2.9012506988671096, 2.0, 3.8, 2.6363014340096, 4.60205085451745
1.7762472018374322, 2.9387227460911016, 2.0, 3.8, 2.6378080123915955, 4.605153647322092
1.7798630363949168, 2.9785708356369374, 2.0, 3.8, 2.63923143371901, 4.608641855061963
1.7798630363949168, 2.9785708356369374, 2.0, 3.8, 2.6364664676567817, 4.6098803511580355
1.7829326553202887, 3.0136045042951434, 2.0, 3.8, 2.638033239265213, 4.605637382163706
1.785233275200975, 3.042631415053345, 2.0, 3.8, 2.6425346598608948, 4.611416907943609
1.785233275200975, 3.042631415053345, 2.0, 3.8, 2.6400517409354607, 4.60778655082755
1.7877469720420331, 3.0721662610524567, 2.0, 3.8, 2.6371151357617277, 4.6020159920826575
1.7916648227260348, 3.104709969292574, 2.0, 3.8, 2.6384695840208594, 4.603128095951755
1.7916648227260348, 3.104709969292574, 2.0, 3.8, 2.6358576606399486, 4.599383079777754
1.7952581503552945, 3.1382113751817124, 2.0, 3.8, 2.631673524931185, 4.591549935501282
1.80101224022774, 3.1825127628545586, 2.0, 3.8, 2.633206670302495, 4.593907822357603
1.8050737166779542, 3.2090293182312353, 2.0, 3.8, 2.634383443020957, 4.595953418622235
1.8093759761066461, 3.235606894565586, 2.0, 3.8, 2.634802754474414, 4.596258105919304
1.8134837694388775, 3.2631124164464675, 2.0, 3.8, 2.6364315164204077, 4.6027246313525065
1.8134837694388775, 3.2631124164464675, 2.0, 3.8, 0, 0
1.818075987576879, 3.2890047016405757, 2.0, 3.8, 0, 0
1.818075987576879, 3.2890047016405757, 2.0, 3.8, 0, 0
1.821663296453095, 3.3144064184137902, 2.0, 3.8, 2.6319199225587666, 4.595418145299668
1.8273433955972396, 3.351430236068277, 2.0, 3.8, 2.6343150043039913, 4.595645081830065
1.8273433955972396, 3.351430236068277, 2.0, 3.8, 2.6355368614327026, 4.596960192831256
1.8323994635590326, 3.3751857612522365, 2.0, 3.8, 2.6334750424215017, 4.597812078990073
1.8380360709613919, 3.397892728398724, 2.0, 3.8, 2.634569760910633, 4.603250834607273
1.8380360709613919, 3.397892728398724, 2.0, 3.8, 2.633663317741944, 4.605130206829669
1.8416703455514234, 3.4189925044213325, 2.0, 3.8, 2.6301404774334456, 4.602419814758277
1.8440800429388013, 3.438896909926177, 2.0, 3.8, 2.627910902645423, 4.60562010401577
1.8440800429388013, 3.438896909926177, 2.0, 3.8, 2.6273461135004346, 4.604770641290067
1.8486624014159103, 3.4588809633385167, 2.0, 3.8, 2.626587258488205, 4.601447462162366
1.8537135858923854, 3.47930445068482, 2.0, 3.8, 2.628174927387107, 4.601584407772715
1.8537135858923854, 3.47930445068482, 2.0, 3.8, 2.6266351308208318, 4.598866939053716
1.8614094280861266, 3.507836814991499, 2.0, 3.8, 7.878999512800235, 13.7992744035382
1.865493573860437, 3.5253505882369818, 2.0, 3.8, 4.5980576505920485, 8.058554513463342
1.865493573860437, 3.5253505882369818, 2.0, 3.8, 4.595356318361903, 8.060396886661477
1.8703599328122473, 3.5425293352970013, 2.0, 3.8, 4.593709999006469, 8.061095037455752
1.8752637095963343, 3.5588229835456855, 2.0, 3.8, 4.597249362944366, 8.065427627918247
1.8752637095963343, 3.5588229835456855, 2.0, 3.8, 4.59531767726374, 8.064380959706536
1.8798420793188728, 3.5746520779823157, 2.0, 3.8, 3.497440518773739, 6.144242000859239
1.8832824546779259, 3.589899563591058, 2.0, 3.8, 3.4981384170416896, 6.143489775999643
1.8871173711513625, 3.603944203694734, 2.0, 3.8, 3.498486098307763, 6.143361666735814
1.8871173711513625, 3.603944203694734, 2.0, 3.8, 3.496624249817619, 6.142588202275118
1.8912881212127226, 3.6175813934318333, 2.0, 3.8, 3.4969806206206173, 6.1431454366425315
1.8961791741251317, 3.630824674800438, 2.0, 3.8, 2.951940937821072, 5.18285590040671
1.8961791741251317, 3.630824674800438, 2.0, 3.8, 2.950601021137942, 5.182335821736212
1.9017035494785415, 3.6516965931826713, 2.0, 3.8, 2.949609007190838, 5.182213557752531
1.9067962868518242, 3.6634082338041547, 2.0, 3.8, 2.6220995489685244, 4.607057729585937
1.9107858669158546, 3.673120913707904, 2.0, 3.8, 2.6226298826441043, 4.607189656602624
1.9107858669158546, 3.673120913707904, 2.0, 3.8, 2.619265160041496, 4.607033994951944
1.9153802935341115, 3.6842407043556387, 2.0, 3.8, 2.6188324775271434, 4.6067828159140785
1.9203292572944604, 3.6956330815306955, 1.6, 4.45, 2.619255976730081, 4.606510710827874
1.9203292572944604, 3.6956330815306955, 1.6, 4.45, 2.617763314717496, 4.606399876467011
1.92401186650428, 3.7055836035977907, 1.6, 4.45, 2.617763314717496, 4.606399876467011
1.92401186650428, 3.7055836035977907, 1.6, 4.45, 2.617763314717496, 4.606399876467011
1.942173264870332, 3.735985361925058, 1.6, 4.45, 2.617763314717496, 4.606399876467011
1.943211502869149, 3.7710931354497035, 1.6, 4.45, 2.617763314717496, 4.606399876467011
1.943211502869149, 3.7710931354497035, 1.6, 4.45, 2.617763314717496, 4.606399876467011
1.9408237218081847, 3.806584827457903, 1.6, 4.45, 2.617763314717496, 4.606399876467011
1.9408237218081847, 3.806584827457903, 1.6, 4.45, 2.617763314717496, 4.606399876467011
1.9349117770541697, 3.837951029160141, 1.6, 4.45, 2.617763314717496, 4.606399876467011
1.9208793506499164, 3.877046931876528, 1.6, 4.45, 2.617763314717496, 4.606399876467011
1.9208793506499164, 3.877046931876528, 1.6, 4.45, 2.617763314717496, 4.606399876467011
1.9105057648606916, 3.9041422602169193, 1.6, 4.45, 2.617763314717496, 4.606399876467011
1.90092240192993, 3.932476962525878, 1.6, 4.45, 2.0844626273904403, 6.081173108773068
1.90092240192993, 3.932476962525878, 1.6, 4.45, 2.0844626273904403, 6.081173108773068
1.8940145611020076, 3.959980472030959, 1.6, 4.45, 2.094273367658087, 6.0915222316208055
1.8853775194066802, 3.9832323625079327, 1.6, 4.45, 2.0883585456466975, 6.0960174988100695
1.8853775194066802, 3.9832323625079327, 1.6, 4.45, 2.089669272752821, 6.106311063216446
1.8759821403680506, 4.006318649622159, 1.6, 4.45, 2.097195510638191, 6.1178941047715005
1.8623421270274805, 4.042145406886375, 1.6, 4.45, 2.086268235644411, 6.122664603857808
1.8623421270274805, 4.042145406886375, 1.6, 4.45, 2.0742876941240396, 6.126878768402633
1.853269934309442, 4.064385791759097, 1.6, 4.45, 2.074222669170086, 6.133451556959008
1.8454387250029223, 4.084579212984769, 1.6, 4.45, 2.073644431544874, 6.1356489069307845
1.8454387250029223, 4.084579212984769, 1.6, 4.45, 2.0838838346539204, 6.129708622466917
1.8353720602734143, 4.103211852658839, 1.6, 4.45, 2.09792913725244, 6.126965635077269
1.826290793849063, 4.122844687403978, 1.6, 4.45, 2.1043059545858247, 6.127620183743711
1.826290793849063, 4.122844687403978, 1.6, 4.45, 2.1061443535891398, 6.125064586390183
1.8162777516942716, 4.142229340787683, 1.6, 4.45, 2.0945872676578023, 6.126816728503371
1.8068956687547726, 4.160463172522026, 1.6, 4.45, 2.0751968839739936, 6.133725337649492
1.7991264731889016, 4.177714459438058, 1.6, 4.45, 2.058210097930517, 6.139002303234492
1.7991264731889016, 4.177714459438058, 1.6, 4.45, 2.0457586105744867, 6.140533984573615
1.790959811779427, 4.193046782856998, 1.6, 4.45, 2.041293089332348, 6.143049405964371
1.7822861918261053, 4.209258590803842, 1.6, 4.45, 2.0351136033165647, 6.14516797852097
1.7822861918261053, 4.209258590803842, 1.6, 4.45, 2.034551460918991, 6.1448388232027895
1.7694451900808086, 4.233994266945345, 1.6, 4.45, 2.0328069479147493, 6.146079985254085
1.7615922705245843, 4.248896513569376, 1.6, 4.45, 2.0252136355830412, 6.149067847639998
1.754560144055714, 4.261733354977052, 1.6, 4.45, 2.016713360475209, 6.15222239295924
1.754560144055714, 4.261733354977052, 1.6, 4.45, 2.0156128496762067, 6.153398073025952
1.7477089363232543, 4.275149306400886, 1.6, 4.45, 2.01059927346385, 6.157830075348631
1.7477089363232543, 4.275149306400886, 1.6, 4.45, 2.0085591010351487, 6.158390780207134
1.7408143525239095, 4.28733034142398, 1.6, 4.45, 2.0064784072823785, 6.159919264047523
1.7330977369552865, 4.299810146877835, 1.6, 4.45, 2.0026535320857826, 6.162993117382998
1.7330977369552865, 4.299810146877835, 1.6, 4.45, 1.9983903732876804, 6.1652081082879695
1.7213162920012888, 4.316351536021311, 1.6, 4.45, 1.9931905255087625, 6.167860699138374
1.7147078420893156, 4.326670978339623, 1.6, 4.45, 1.9824430689192085, 6.17351575425893
1.7147078420893156, 4.326670978339623, 1.6, 4.45, 1.975033234532447, 6.165948940272234
1.7090603853166115, 4.337413377140655, 1.6, 4.45, 1.975033234532447, 6.165948940272234
1.7029674436850786, 4.347260430622521, 1.6, 4.45, 1.975033234532447, 6.165948940272234
1.7029674436850786, 4.347260430622521, 0.6, 5.2, 1.975033234532447, 6.165948940272234
1.6936338378501192, 4.361814011010784, 0.6, 5.2, 1.975033234532447, 6.165948940272234
1.6853404417824627, 4.371661588462369, 0.6, 5.2, 1.975033234532447, 6.165948940272234
1.6853404417824627, 4.371661588462369, 0.6, 5.2, 1.975033234532447, 6.165948940272234
1.6630914175564135, 4.399594390344541, 0.6, 5.2, 1.975033234532447, 6.165948940272234
1.6630914175564135, 4.399594390344541, 0.6, 5.2, 1.975033234532447, 6.165948940272234
1.6252694148685471, 4.448464394566754, 0.6, 5.2, 1.975033234532447, 6.165948940272234
1.5899073799593018, 4.492462001172992, 0.6, 5.2, 1.975033234532447, 6.165948940272234
1.5899073799593018, 4.492462001172992, 0.6, 5.2, 1.975033234532447, 6.165948940272234
1.5675412187511037, 4.519718061651515, 0.6, 5.2, 1.975033234532447, 6.165948940272234
1.5390664619485035, 4.55177158602923, 0.6, 5.2, 1.975033234532447, 6.165948940272234
1.5390664619485035, 4.55177158602923, 0.6, 5.2, 1.975033234532447, 6.165948940272234
1.5075098074257798, 4.58310844699732, 0.6, 5.2, 1.975033234532447, 6.165948940272234
1.473340959827134, 4.616712916250391, 0.6, 5.2, 1.975033234532447, 6.165948940272234
1.473340959827134, 4.616712916250391, 0.6, 5.2, 1.975033234532447, 6.165948940272234
1.445545814000939, 4.644668852444704, 0.6, 5.2, 1.975033234532447, 6.165948940272234
1.424279372126994, 4.6663564376035485, 0.6, 5.2, 1.975033234532447, 6.165948940272234
1.424279372126994, 4.6663564376035485, 0.6, 5.2, 1.975033234532447, 6.165948940272234
1.400807041552036, 4.688124985956158, 0.6, 5.2, 1.975033234532447, 6.165948940272234
1.3715444894603253, 4.714247559433515, 0.6, 5.2, 1.975033234532447, 6.165948940272234
1.3715444894603253, 4.714247559433515, 0.6, 5.2, 1.975033234532447, 6.165948940272234
1.3278295366557715, 4.7528722652744095, 0.6, 5.2, 1.975033234532447, 6.165948940272234
1.3278295366557715, 4.7528722652744095, 0.6, 5.2, 1.975033234532447, 6.165948940272234
1.3039681099552605, 4.773518047308911, 0.6, 5.2, 1.975033234532447, 6.165948940272234
1.2815521011997888, 4.792973549139361, 0.6, 5.2, 1.975033234532447, 6.165948940272234
1.2815521011997888, 4.792973549139361, 0.6, 5.2, 1.975033234532447, 6.165948940272234
1.256791498996202, 4.814011100767716, 0.6, 5.2, 1.975033234532447, 6.165948940272234
1.2296800724010912, 4.83565563236297, 0.6, 5.2, 1.975033234532447, 6.165948940272234
1.2039837715928994, 4.857147131258461, 0.6, 5.2, 1.975033234532447, 6.165948940272234
1.2039837715928994, 4.857147131258461, 0.6, 5.2, 1.975033234532447, 6.165948940272234
1.181072572916077, 4.875375731731102, 0.6, 5.2, 1.975033234532447, 6.165948940272234
1.181072572916077, 4.875375731731102, 0.6, 5.2, 1.975033234532447, 6.165948940272234
1.1486970396295721, 4.899640793948505, 0.6, 5.2, 1.975033234532447, 6.165948940272234
1.1486970396295721, 4.899640793948505, 0.6, 5.2, 1.975033234532447, 6.165948940272234
1.1262998378424662, 4.916775316180177, 0.6, 5.2, 1.975033234532447, 6.165948940272234
1.103127013858357, 4.934441731453274, 0.6, 5.2, 1.975033234532447, 6.165948940272234
1.103127013858357, 4.934441731453274, 0.6, 5.2, 1.975033234532447, 6.165948940272234
1.0811635497554655, 4.950087639691564, 0.6, 5.2, 1.975033234532447, 6.165948940272234
1.0614609390244245, 4.965170216738642, 0.6, 5.2, 1.975033234532447, 6.165948940272234
1.0614609390244245, 4.965170216738642, 0.6, 5.2, 1.975033234532447, 6.165948940272234
1.0404318421539576, 4.979351386817747, 0.6, 5.2, 1.975033234532447, 6.165948940272234
1.0193558010175567, 4.9933441524491995, 0.6, 5.2, 1.975033234532447, 6.165948940272234
1.0193558010175567, 4.9933441524491995, 0.6, 5.2, 1.975033234532447, 6.165948940272234
0.9998043676443773, 5.0066306099550255, 0.6, 5.2, 1.975033234532447, 6.165948940272234
0.9730115112313698, 5.024074842389615, 0.6, 5.2, 1.975033234532447, 6.165948940272234
0.9730115112313698, 5.024074842389615, 0.6, 5.2, 1.975033234532447, 6.165948940272234
0.9551611575139378, 5.035735775978422, 0.6, 5.2, 1.975033234532447, 6.165948940272234
0.9364216074544318, 5.047327935551481, 0.6, 5.2, 1.975033234532447, 6.165948940272234
0.9364216074544318, 5.047327935551481, 0.6, 5.2, 1.975033234532447, 6.165948940272234
0.9187135159592101, 5.0586864431821885, 0.6, 5.2, 1.975033234532447, 6.165948940272234
0.9031248230160898, 5.068594382035709, 0.6, 5.2, 1.975033234532447, 6.165948940272234
0.8893812506884808, 5.077173701337134, 0.6, 5.2, 1.975033234532447, 6.165948940272234
0.8893812506884808, 5.077173701337134, 0.6, 5.2, 1.975033234532447, 6.165948940272234
0.8751890726683684, 5.0854927267034515, 0.6, 5.2, 1.975033234532447, 6.165948940272234
0.8751890726683684, 5.0854927267034515, 0.6, 5.2, 1.975033234532447, 6.165948940272234
0.8598408953568952, 5.095484045596149, 0.6, 5.2, 1.975033234532447, 6.165948940272234
0.8598408953568952, 5.095484045596149, 0.6, 5.2, 1.975033234532447, 6.165948940272234
0.8439725009362371, 5.103349200299677, 0.6, 5.2, 1.975033234532447, 6.165948940272234
0.8301258629562489, 5.111945177070885, 0.6, 5.2, 1.975033234532447, 6.165948940272234
0.8301258629562489, 5.111945177070885, 0.6, 5.2, 1.975033234532447, 6.165948940272234
0.8179299721855688, 5.119384635942983, 0.6, 5.2, 1.975033234532447, 6.165948940272234
0.8002927061524492, 5.1293083321735695, 0.6, 5.2, 1.975033234532447, 6.165948940272234
0.8002927061524492, 5.1293083321735695, 0.6, 5.2, 1.975033234532447, 6.165948940272234
0.7865228679550829, 5.135221753858039, 0.6, 5.2, 1.975033234532447, 6.165948940272234
0.7736645798193234, 5.142326803204651, 0.6, 5.2, 1.975033234532447, 6.165948940272234
0.7736645798193234, 5.142326803204651, 0.6, 5.2, 1.975033234532447, 6.165948940272234
0.7639538533097017, 5.147649198403744, 0.6, 5.2, 1.975033234532447, 6.165948940272234
0.755083687466952, 5.152619375253929, 0.6, 5.2, 1.975033234532447, 6.165948940272234
0.9988933124541901, 5.051031200924521, 0.6, 5.2, 1.975033234532447, 6.165948940272234
0.9994821396464908, 5.0492895113604455, 1.6, 4.45, 1.975033234532447, 6.165948940272234
0.9994821396464908, 5.0492895113604455, 1.6, 4.45, 1.975033234532447, 6.165948940272234
1.0126103339425392, 5.024847978787279, 1.6, 4.45, 1.975033234532447, 6.165948940272234
1.0473038883900174, 4.985887309134411, 1.6, 4.45, 0, 0
1.0649180361969057, 4.967049732404983, 1.6, 4.45, 0, 0
1.0591342149181653, 4.974234898472346, 1.6, 4.45, 0, 0
1.0817858665439073, 4.9492855662442885, 1.6, 4.45, 0, 0
1.0817858665439073, 4.9492855662442885, 1.6, 4.45, 1.6451550264210137, 5.3618700733654565
1.1170589071305423, 4.905998015981267, 1.6, 4.45, 1.648348933684909, 5.357973339918575
1.1417759034542054, 4.875889802936717, 1.6, 4.45, 1.6515473940227874, 5.353504653552452
1.1517538963643987, 4.865047120727773, 1.6, 4.45, 1.6548579785748736, 5.34865170250233
1.1517538963643987, 4.865047120727773, 1.6, 4.45, 1.6582094625193904, 5.344409364762278
1.1603963079809712, 4.855185826621535, 1.6, 4.45, 1.656019585412136, 5.343962679575269
1.191770368443928, 4.8196695088215895, 1.6, 4.45, 1.666712616771311, 5.337593936966343
1.191770368443928, 4.8196695088215895, 1.6, 4.45, 1.6766852451827114, 5.340803508469937
1.2148393676309304, 4.793106137866267, 1.6, 4.45, 2.6114691779879444, 4.569184372086824
1.2299176640552048, 4.776510247503237, 1.6, 4.45, 2.6125200819168244, 4.56836692818283
1.2400871822467268, 4.764985569644298, 1.6, 4.45, 2.6138323200881963, 4.56694632544564
1.2532503453578185, 4.748840860389846, 1.6, 4.45, 2.6138247660248433, 4.566512967821129
1.2532503453578185, 4.748840860389846, 1.6, 4.45, 2.6141747723025555, 4.566361946126304
1.2817342685569888, 4.718639042246169, 1.6, 4.45, 2.6156215085190473, 4.565662559146185
1.2976231988890723, 4.700827391763909, 1.6, 4.45, 2.6175473059046217, 4.564519794821054
1.3098677521448057, 4.68819599375864, 1.6, 4.45, 2.619314852817271, 4.563232254578731
1.3098677521448057, 4.68819599375864, 1.6, 4.45, 2.619854587465752, 4.563549027049644
1.321423091386131, 4.675976765672631, 1.6, 4.45, 2.621753240610338, 4.561431032614926
1.3354324187235869, 4.661255469956832, 1.6, 4.45, 3.5764643487110392, 4.130705150667671
1.3514235965816486, 4.646861998147994, 1.6, 4.45, 3.574135926743034, 4.12694120733862
1.3514235965816486, 4.646861998147994, 1.6, 4.45, 3.570086454542802, 4.128882665033598
1.364410189747987, 4.633514934878045, 1.6, 4.45, 3.5692118641540924, 4.130373039368261
1.3753139894300705, 4.623045591417589, 1.6, 4.45, 3.5714543145411994, 4.129740705252782
1.3753139894300705, 4.623045591417589, 1.6, 4.45, 3.5706690951394258, 4.1300539865602115
1.385612669849127, 4.6123140825942155, 1.6, 4.45, 3.5699100709647085, 4.135231613559015
1.3972218990119991, 4.60082450913634, 1.6, 4.45, 3.5715374131633255, 4.134834027996295
1.409516244658541, 4.588891409575733, 1.6, 4.45, 3.574184760758893, 4.135964392387954
1.409516244658541, 4.588891409575733, 1.6, 4.45, 3.5724022210911683, 4.13795013492504
1.4207393077870507, 4.578278292502342, 1.6, 4.45, 3.5742445269724294, 4.139538528111439
1.4305519646813263, 4.568171588555198, 1.6, 4.45, 3.573691115235428, 4.142156325401161
1.4305519646813263, 4.568171588555198, 1.6, 4.45, 3.573838120810451, 4.142288908740803
1.440226811559247, 4.55874305007414, 1.6, 4.45, 3.5705867646918152, 4.142639545023996
1.4561191032619836, 4.545886920624142, 1.6, 4.45, 3.5711651335295733, 4.1426001879985614
1.4561191032619836, 4.545886920624142, 1.6, 4.45, 3.569392233799488, 4.140369290414595
1.4651725280822097, 4.536437534452304, 1.6, 4.45, 3.5708510025020397, 4.13788155788061
1.474260419195641, 4.528594171964798, 1.6, 4.45, 3.5713569472157167, 4.138721829234539
1.483178707467813, 4.519599360444014, 2.0, 3.8, 3.5726784008408075, 4.138262287661371
1.4925087129319015, 4.512827809806229, 2.0, 3.8, 3.5732088449707313, 4.139963599127999
1.4925087129319015, 4.512827809806229, 2.0, 3.8, 3.5729936194965335, 4.145947602056535
1.5047917319593511, 4.503712221861872, 2.0, 3.8, 3.573579410830944, 4.149273929486364
1.5336958240348046, 4.478019190485764, 2.0, 3.8, 3.5749204597442, 4.150235791796988
1.5336958240348046, 4.478019190485764, 2.0, 3.8, 3.5710154344285705, 4.159105121919571
1.5707082851868246, 4.444113288057569, 2.0, 3.8, 3.568369718927309, 4.16171649935427
1.6081983947836047, 4.409908969873729, 2.0, 3.8, 3.5739392739662548, 4.152597617441231
1.6081983947836047, 4.409908969873729, 2.0, 3.8, 3.5770511266437546, 4.147120368515964
1.6226436805462325, 4.395009516218106, 2.0, 3.8, 3.579253978587976, 4.143726306043301
1.6226436805462325, 4.395009516218106, 2.0, 3.8, 3.5862844797045312, 4.13859786106709
1.6412726294476212, 4.375835221893949, 2.0, 3.8, 3.590609122300993, 4.137735600099593
1.66569893626386, 4.3502138785388675, 2.0, 3.8, 3.59113621877335, 4.141866593195659
1.6895041756975209, 4.324916070817523, 2.0, 3.8, 3.5953643796744954, 4.145075094218207
1.6895041756975209, 4.324916070817523, 2.0, 3.8, 3.59691812125574, 4.147277448961367
1.7141491844815047, 4.297087949392653, 2.0, 3.8, 3.6025695382575456, 4.134932730831075
1.7285603639880143, 4.279804269077651, 2.0, 3.8, 3.608684384878662, 4.123482701518469
1.7285603639880143, 4.279804269077651, 2.0, 3.8, 3.613375253690593, 4.120729075771022
1.746195544866196, 4.25883358250344, 2.0, 3.8, 3.617929837973743, 4.111728612127969
