0, 0, 3, 0.9, 0, 0
0.5241399034136954, 0.4964131820261606, 3, 0.9, 0, 0
0.530297865893832, 0.4940642252165897, 3, 0.9, 0, 0
0.5260766812699558, 0.4944839874959228, 3, 0.9, 0, 0
0.5260766812699558, 0.4944839874959228, 3, 0.9, 0, 0
0.5430950815035529, 0.49179844220881613, 3, 0.9, 0, 0
0.6080908225390911, 0.4837096322072607, 3, 0.9, 0, 0
0.6080908225390911, 0.4837096322072607, 3, 0.9, 0, 0
0.7206955443316829, 0.4699366466916587, 3, 0.9, 0, 0
0.7689715644143487, 0.465616567412519, 3, 0.9, 0, 0
0.8041765215285561, 0.46441761178914787, 3, 0.9, 0, 0
0.8499948492713246, 0.464366203071484, 3, 0.9, 0, 0
0.8499948492713246, 0.464366203071484, 3, 0.9, 0, 0
0.9095894689590395, 0.4638315964154897, 3, 0.9, 0, 0
0.9674788422801296, 0.46340714795988514, 3, 0.9, 0, 0
0.9674788422801296, 0.46340714795988514, 3, 0.9, 0, 0
1.0361111315862197, 0.465275024991472, 1.8739916047135066, 1.1066006262154957, 0, 0
1.0800649247196814, 0.4681694626192066, 1.8739916047135066, 1.1066006262154957, 0, 0
1.0800649247196814, 0.4681694626192066, 1.8739916047135066, 1.1066006262154957, 0, 0
1.1287349706981147, 0.46966566596675074, 1.8739916047135066, 1.1066006262154957, 0, 0
1.1662249036479633, 0.4748288943575792, 1.8739916047135066, 1.1066006262154957, 0, 0
1.1940520982928007, 0.4837344734065991, 1.8739916047135066, 1.1066006262154957, 0, 0
1.1940520982928007, 0.4837344734065991, 1.8739916047135066, 1.1066006262154957, 0, 0
1.222294774016854, 0.49866137087211326, 1.8739916047135066, 1.1066006262154957, 0, 0
1.2547994414379384, 0.5163783089779111, 1.8739916047135066, 1.1066006262154957, 0, 0
1.288113007419691, 0.5337155325612717, 1.8739916047135066, 1.1066006262154957, 0, 0
1.288113007419691, 0.5337155325612717, 1.8739916047135066, 1.1066006262154957, 0, 0
1.3162105570491258, 0.5488868444630632, 1.8739916047135066, 1.1066006262154957, 0, 0
1.3162105570491258, 0.5488868444630632, 1.8739916047135066, 1.1066006262154957, 0, 0
1.3399034513272987, 0.564938503589874, 1.8739916047135066, 1.1066006262154957, 0, 0
1.3775044649355832, 0.5919740926463306, 1.8739916047135066, 1.1066006262154957, 0, 0
1.3775044649355832, 0.5919740926463306, 1.8739916047135066, 1.1066006262154957, 0, 0
1.4058854427444918, 0.6103200649184737, 1.8739916047135066, 1.1066006262154957, 0, 0
1.4304151146069302, 0.6289617439823642, 1.8739916047135066, 1.1066006262154957, 0, 0
1.4304151146069302, 0.6289617439823642, 1.8739916047135066, 1.1066006262154957, 0, 0
1.4521391806841035, 0.6460070909449406, 1.8739916047135066, 1.1066006262154957, 0, 0
1.4521391806841035, 0.6460070909449406, 1.8739916047135066, 1.1066006262154957, 0, 0
1.4719215636973857, 0.6618119674808645, 1.8739916047135066, 1.1066006262154957, 0, 0
1.4935424800755417, 0.6775220016937102, 1.8739916047135066, 1.1066006262154957, 0, 0
1.4935424800755417, 0.6775220016937102, 1.8739916047135066, 1.1066006262154957, 0, 0
1.5257768162651217, 0.7035852875651644, 1.8739916047135066, 1.1066006262154957, 0, 0
1.5456727793202478, 0.72110480679684, 1.8739916047135066, 1.1066006262154957, 0, 0
1.5653420218075906, 0.7361314165267198, 1.8739916047135066, 1.1066006262154957, 0, 0
1.5653420218075906, 0.7361314165267198, 1.8739916047135066, 1.1066006262154957, 0, 0
1.5822264740924055, 0.7520444480116948, 1.8739916047135066, 1.1066006262154957, 0, 0
1.5822264740924055, 0.7520444480116948, 1.8739916047135066, 1.1066006262154957, 0, 0
1.598935268570382, 0.7668614209512916, 1.8739916047135066, 1.1066006262154957, 0, 0
1.6146949788670457, 0.7819069528915465, 1.8739916047135066, 1.1066006262154957, 0, 0
1.6146949788670457, 0.7819069528915465, 1.8739916047135066, 1.1066006262154957, 0, 0
1.6310440503130024, 0.7966420763336832, 1.8739916047135066, 1.1066006262154957, 0, 0
1.6555486352291586, 0.8164422762843626, 1.8739916047135066, 1.1066006262154957, 0, 0
1.6555486352291586, 0.8164422762843626, 1.8739916047135066, 1.1066006262154957, 0, 0
1.6696864123496886, 0.8307162301195903, 1.8739916047135066, 1.1066006262154957, 0, 0
1.6827018353098222, 0.8437493289517497, 1.8739916047135066, 1.1066006262154957, 0, 0
1.6827018353098222, 0.8437493289517497, 1.8739916047135066, 1.1066006262154957, 0, 0
1.695134136469203, 0.8558241120919331, 1.8739916047135066, 1.1066006262154957, 0, 0
1.7072053058430208, 0.868456105994267, 1.8739916047135066, 1.1066006262154957, 0, 0
1.7072053058430208, 0.868456105994267, 1.8739916047135066, 1.1066006262154957, 0, 0
1.7187476182605332, 0.8810678435453161, 1.8739916047135066, 1.1066006262154957, 0, 0
1.7187476182605332, 0.8810678435453161, 1.8739916047135066, 1.1066006262154957, 0, 0
1.736004611747949, 0.897068699015424, 1.8739916047135066, 1.1066006262154957, 0, 0
1.7474649000129647, 0.9078478776892722, 1.8739916047135066, 1.1066006262154957, 0, 0
1.756945829691751, 0.9208484612310179, 1.8739916047135066, 1.1066006262154957, 0, 0
1.756945829691751, 0.9208484612310179, 1.8739916047135066, 1.1066006262154957, 0, 0
1.7668138472976176, 0.9321649239526597, 1.8739916047135066, 1.1066006262154957, 0, 0
1.7668138472976176, 0.9321649239526597, 1.8739916047135066, 1.1066006262154957, 0, 0
1.7749477702756224, 0.9421972465644921, 1.8739916047135066, 1.1066006262154957, 0, 0
1.7833331063547047, 0.9509034879372571, 1.8739916047135066, 1.1066006262154957, 0, 0
1.7913440078588234, 0.9609486836591585, 1.8739916047135066, 1.1066006262154957, 0, 0
1.7913440078588234, 0.9609486836591585, 1.8739916047135066, 1.1066006262154957, 0, 0
1.7996883917194315, 0.9697762630548266, 1.8739916047135066, 1.1066006262154957, 0, 0
1.8112067512467647, 0.9823222263019867, 1.8739916047135066, 1.1066006262154957, 0, 0
1.8112067512467647, 0.9823222263019867, 3, 0.9, 0, 0
1.8178433360945292, 0.9912821783977527, 3, 0.9, 0, 0
1.820632651008219, 1.003675891413321, 3, 0.9, 0, 0
1.820632651008219, 1.003675891413321, 3, 0.9, 0, 0
1.8427057391570931, 1.0307683217135364, 3, 0.9, 0, 0
1.8842261462308576, 1.0533115667423443, 3, 0.9, 0, 0
1.8842261462308576, 1.0533115667423443, 3, 0.9, 0, 0
1.9275780839247485, 1.0663013780644925, 3, 0.9, 0, 0
1.9675436425140855, 1.068998622332682, 3, 0.9, 0, 0
1.9675436425140855, 1.068998622332682, 3, 0.9, 0, 0
2.0054874873018007, 1.065589011984595, 3, 0.9, 0, 0
2.0054874873018007, 1.065589011984595, 3, 0.9, 0, 0
2.041709590686561, 1.0653712359901912, 3, 0.9, 0, 0
2.0959748181448687, 1.0686717797178376, 3, 0.9, 0, 0
2.0959748181448687, 1.0686717797178376, 3, 0.9, 0, 0
2.1333766229024267, 1.068098891528459, 3, 0.9, 0, 0
2.1687874850016797, 1.0669100915504746, 3, 0.9, 0, 0
2.1687874850016797, 1.0669100915504746, 3, 0.9, 0, 0
2.202207953837509, 1.0662758496460183, 3, 0.9, 0, 0
2.234096326570249, 1.0651459450226712, 3, 0.9, 0, 0
2.234096326570249, 1.0651459450226712, 3, 0.9, 0, 0
2.2648707623975075, 1.0625060587535398, 3, 0.9, 0, 0
2.2648707623975075, 1.0625060587535398, 3, 0.9, 0, 0
2.2961465804070347, 1.0614183051808301, 3, 0.9, 0, 0
2.343202761154176, 1.05748923996219, 3, 0.9, 0, 0
2.3731783991266653, 1.0549061162442364, 3, 0.9, 0, 0
2.3731783991266653, 1.0549061162442364, 3, 0.9, 0, 0
2.4013787253919516, 1.0524160964588893, 3, 0.9, 0, 0
2.4013787253919516, 1.0524160964588893, 3, 0.9, 0, 0
2.4281228404005084, 1.0509246500437937, 3, 0.9, 0, 0
2.455043097834723, 1.0497415440994167, 3, 0.9, 0, 0
2.455043097834723, 1.0497415440994167, 3, 0.9, 0, 0
2.480936967651149, 1.046090680375587, 3, 0.9, 0, 0
2.506449669088679, 1.0439940723150667, 3, 0.9, 0, 0
2.5312032161787745, 1.0408649020642786, 3, 0.9, 0, 0
2.5312032161787745, 1.0408649020642786, 3, 0.9, 0, 0
2.5666038480200086, 1.036082678183966, 3, 0.9, 0, 0
2.588847925795917, 1.0343037167174614, 3, 0.9, 0, 0
2.609923207324102, 1.0306303383667133, 3, 0.9, 0, 0
2.609923207324102, 1.0306303383667133, 3, 0.9, 0, 0
2.6306638626031225, 1.0275577305822958, 3, 0.9, 0, 0
2.6509279577852887, 1.0230303752341805, 3, 0.9, 0, 0
2.6712846624446698, 1.0192249087173473, 3, 0.9, 0, 0
2.6712846624446698, 1.0192249087173473, 3, 0.9, 0, 0
2.6901207902969753, 1.0158029082013331, 3, 0.9, 0, 0
2.7062547916999606, 1.0128221702510167, 3, 0.9, 0, 0
2.7062547916999606, 1.0128221702510167, 3, 0.9, 0, 0
2.72313762698653, 1.010728758517374, 3, 0.9, 0, 0
2.72313762698653, 1.010728758517374, 3, 0.9, 0, 0
2.7494828953408947, 1.0058918343566576, 3, 0.9, 0, 0
2.7661070244910024, 1.0023281943635403, 3, 0.9, 0, 0
2.7661070244910024, 1.0023281943635403, 3, 0.9, 0, 0
2.7817007595206444, 0.9986821653146554, 3, 0.9, 0, 0
2.796013656566383, 0.994704392299752, 3, 0.9, 0, 0
2.796013656566383, 0.994704392299752, 3, 0.9, 0, 0
2.8093555845680287, 0.9916549075565693, 3, 0.9, 0, 0
2.8093555845680287, 0.9916549075565693, 3, 0.9, 0, 0
2.822223669937503, 0.9874796017086199, 3, 0.9, 0, 0
2.8421850145602066, 0.9822962417120871, 3, 0.9, 0, 0
2.8421850145602066, 0.9822962417120871, 3, 0.9, 0, 0
2.8532477509656498, 0.9779269896910103, 3, 0.9, 0, 0
2.8532477509656498, 0.9779269896910103, 3, 0.9, 0, 0
2.8650121296876625, 0.975835126099604, 3, 0.9, 0, 0
2.7440738535968188, 1.0457168424220784, 3, 0.9, 0, 0
2.708138314022296, 1.0667107557182682, 2.0, 1.95, 0, 0
2.6870315159510545, 1.0778666140527862, 2.0, 1.95, 0, 0
2.660464342030706, 1.0868284815973301, 2.0, 1.95, 0, 0
2.65554827840391, 1.09027897698456, 2.0, 1.95, 0, 0
2.771989551900383, 1.1103034376893965, 2.0, 1.95, 0, 0
2.771989551900383, 1.1103034376893965, 2.0, 1.95, 0, 0
2.8046844140162133, 1.1255033485847554, 2.0, 1.95, 0, 0
2.8046844140162133, 1.1255033485847554, 2.0, 1.95, 0, 0
2.8388265780817363, 1.169868645077881, 2.0, 1.95, 0, 0
2.865395510792294, 1.2156189927773449, 2.0, 1.95, 0, 0
2.865395510792294, 1.2156189927773449, 2.0, 1.95, 0, 0
2.872643838510794, 1.255570485181074, 2.0, 1.95, 0, 0
2.862472256816311, 1.2946501656535707, 2.0, 1.95, 0, 0
2.862472256816311, 1.2946501656535707, 2.0, 1.95, 0, 0
2.8424977216864526, 1.3317976184107394, 2.0, 1.95, 0, 0
2.8162535726733195, 1.3645873720325106, 2.0, 1.95, 0, 0
2.784892426708713, 1.3859268618058542, 2.0, 1.95, 0, 0
2.784892426708713, 1.3859268618058542, 2.0, 1.95, 0, 0
2.757230077354742, 1.4078669376539197, 2.0, 1.95, 0, 0
2.731124151733883, 1.4293466384776785, 2.0, 1.95, 0, 0
2.731124151733883, 1.4293466384776785, 2.0, 1.95, 0, 0
2.6912965228928285, 1.4620385362644266, 2.0, 1.95, 0, 0
2.664411406331202, 1.4834827197990768, 2.0, 1.95, 0, 0
2.664411406331202, 1.4834827197990768, 2.0, 1.95, 0, 0
2.639825517959111, 1.5052496257104613, 2.0, 1.95, 0, 0
2.615644576201058, 1.523335768353205, 2.0, 1.95, 0, 0
2.591174416267468, 1.542293491655979, 2.0, 1.95, 0, 0
2.591174416267468, 1.542293491655979, 2.0, 1.95, 0, 0
2.5666395160436895, 1.5616579196364075, 2.0, 1.95, 0, 0
2.5415444678351253, 1.579864101427487, 2.0, 1.95, 0, 0
2.5415444678351253, 1.579864101427487, 2.0, 1.95, 0, 0
2.5184145061857515, 1.5982060580869737, 2.0, 1.95, 0, 0
2.4962142317250677, 1.6150387825803623, 2.0, 1.95, 0, 0
2.4752070163660704, 1.6308516982780037, 2.0, 1.95, 0, 0
2.454453886469918, 1.6473915531598764, 2.0, 1.95, 0, 0
2.454453886469918, 1.6473915531598764, 2.0, 1.95, 0, 0
2.422426535108592, 1.670963792442095, 2.0, 1.95, 0, 0
2.4018525750665622, 1.6851609142697395, 2.0, 1.95, 0, 0
2.3831529403759553, 1.699069237764606, 2.0, 1.95, 0, 0
2.3831529403759553, 1.699069237764606, 2.0, 1.95, 0, 0
2.3654217770227106, 1.7121885344736736, 2.0, 1.95, 0, 0
2.3470647012173647, 1.7260146788341515, 2.0, 1.95, 0, 0
2.3470647012173647, 1.7260146788341515, 2.0, 1.95, 0, 0
2.330078455450858, 1.7389584825548443, 2.0, 1.95, 0, 0
2.3139592246102514, 1.7515652623620452, 2.0, 1.95, 0, 0
2.2982334407608147, 1.7632944320820547, 2.0, 1.95, 0, 0
2.2982334407608147, 1.7632944320820547, 2.0, 1.95, 0, 0
2.2813910025412136, 1.7731846936973477, 2.0, 1.95, 0, 0
2.2586028306242683, 1.7898058134154575, 2.0, 1.95, 0, 0
2.244081185656628, 1.8004579271697225, 2.0, 1.95, 0, 0
2.244081185656628, 1.8004579271697225, 2.0, 1.95, 0, 0
2.2304165549513923, 1.809488922003601, 2.0, 1.95, 0, 0
2.2183399038686167, 1.8179416256317245, 2.0, 1.95, 0, 0
2.2183399038686167, 1.8179416256317245, 2.0, 1.95, 0, 0
2.2055209977242978, 1.826781701720941, 2.0, 1.95, 0, 0
2.1932533278544564, 1.8359957277663015, 2.0, 1.95, 0, 0
2.181102045696972, 1.8438051350376123, 2.0, 1.95, 0, 0
2.181102045696972, 1.8438051350376123, 2.0, 1.95, 0, 0
2.170486875981827, 1.851565977254709, 2.0, 1.95, 0, 0
2.160008899725204, 1.8585638136035851, 2.0, 1.95, 0, 0
2.14994506632694, 1.8650915587986723, 2.0, 1.95, 0, 0
2.1341355199345355, 1.874924947983811, 2.0, 1.95, 0, 0
2.1341355199345355, 1.874924947983811, 2.0, 1.95, 0, 0
2.1252277097163295, 1.881617041611102, 2.0, 1.95, 0, 0
2.116126043530827, 1.8866662962736906, 1.8, 2.6, 0, 0
2.107790155617715, 1.8922987178399477, 1.8, 2.6, 0, 0
2.107790155617715, 1.8922987178399477, 1.8, 2.6, 0, 0
2.09562821352288, 1.8974194662698036, 1.8, 2.6, 0, 0
2.0649693593121263, 1.9205997673567992, 1.8, 2.6, 0, 0
2.0649693593121263, 1.9205997673567992, 1.8, 2.6, 0, 0
2.030234495754978, 1.9531611210397515, 1.8, 2.6, 0, 0
2.0017071486429656, 1.9870164761073141, 1.8, 2.6, 0, 0
1.9932438424202494, 2.0033164683705187, 1.8, 2.6, 0, 0
1.9932438424202494, 2.0033164683705187, 1.8, 2.6, 0, 0
1.9797460266675535, 2.0255472121706317, 1.8, 2.6, 0, 0
1.961316191810039, 2.0536394564228226, 1.8, 2.6, 0, 0
1.961316191810039, 2.0536394564228226, 1.8, 2.6, 0, 0
1.9446869105879014, 2.078990075863678, 1.8, 2.6, 0, 0
1.9333896193443052, 2.098759236456818, 1.8, 2.6, 0, 0
1.9247974368755787, 2.1171601549236803, 1.8, 2.6, 0, 0
1.9247974368755787, 2.1171601549236803, 1.8, 2.6, 0, 0
1.9135320409948298, 2.139354822203232, 1.8, 2.6, 0, 0
1.901383994510513, 2.163158659427824, 1.8, 2.6, 0, 0
1.901383994510513, 2.163158659427824, 1.8, 2.6, 0, 0
1.891120364246945, 2.184509605397799, 1.8, 2.6, 0, 0
1.8816325932885207, 2.2024384843990212, 1.8, 2.6, 0, 0
1.8816325932885207, 2.2024384843990212, 1.8, 2.6, 0, 0
1.869244982636069, 2.229149813499672, 1.8, 2.6, 0, 0
1.8616905873655964, 2.24882238354269, 1.8, 2.6, 0, 0
1.8616905873655964, 2.24882238354269, 1.8, 2.6, 0, 0
1.8540852392131546, 2.2673321966017177, 1.8, 2.6, 0, 0
1.8473360910673708, 2.284306326897738, 1.8, 2.6, 0, 0
1.8473360910673708, 2.284306326897738, 1.8, 2.6, 0, 0
1.8415039767581605, 2.3001163914986273, 1.8, 2.6, 0, 0
1.833560290224462, 2.3258798606798994, 1.8, 2.6, 0, 0
1.8285101392601901, 2.3421714160150438, 1.8, 2.6, 0, 0
1.8285101392601901, 2.3421714160150438, 1.8, 2.6, 0, 0
1.824389840303073, 2.3573048801427303, 1.8, 2.6, 0, 0
1.8194750246913038, 2.370694973028977, 1.8, 2.6, 0, 0
1.8194750246913038, 2.370694973028977, 1.8, 2.6, 0, 0
1.8142919516320537, 2.3841082594891425, 1.8, 2.6, 0, 0
1.8100433512535763, 2.397106743817094, 1.8, 2.6, 0, 0
1.8100433512535763, 2.397106743817094, 1.8, 2.6, 0, 0
1.8070392023746584, 2.4111845522229967, 1.8, 2.6, 0, 0
1.8041727315730824, 2.4237116366860194, 1.8, 2.6, 0, 0
1.8041727315730824, 2.4237116366860194, 1.8, 2.6, 0, 0
1.800798959041053, 2.4348164536094146, 1.8, 2.6, 0, 0
1.7991234342108484, 2.447282319666106, 1.8, 2.6, 0, 0
1.7991234342108484, 2.447282319666106, 1.8, 2.6, 0, 0
1.7949520372264431, 2.4645841677523217, 1.8, 2.6, 0, 0
1.7935826749605828, 2.475874293835978, 2.0, 3.8, 0, 0
1.7935826749605828, 2.475874293835978, 2.0, 3.8, 0, 0
1.7904383757273625, 2.486235711805154, 2.0, 3.8, 0, 0
1.7858309510218184, 2.504707380316221, 2.0, 3.8, 0, 0
1.7858309510218184, 2.504707380316221, 2.0, 3.8, 0, 0
1.7813823971194684, 2.554037521894954, 2.0, 3.8, 0, 0
1.7756015816489459, 2.6154318202661857, 2.0, 3.8, 0, 0
1.7756015816489459, 2.6154318202661857, 2.0, 3.8, 0, 0
1.7718026634943513, 2.661811559601963, 2.0, 3.8, 0, 0
1.7718026634943513, 2.661811559601963, 2.0, 3.8, 0, 0
1.7691527403452978, 2.7043034318518906, 2.0, 3.8, 0, 0
1.769320487592456, 2.7395114360677084, 2.0, 3.8, 0, 0
1.770433141943161, 2.785613766814601, 2.0, 3.8, 0, 0
1.770433141943161, 2.785613766814601, 2.0, 3.8, 0, 0
1.7695015129258376, 2.830310784247245, 2.0, 3.8, 0, 0
1.7702055003705168, 2.864887166384156, 2.0, 3.8, 0, 0
1.7709070704777239, 2.894313481127676, 2.0, 3.8, 0, 0
1.7709070704777239, 2.894313481127676, 2.0, 3.8, 0, 0
1.7735304617105254, 2.9281695931082274, 2.0, 3.8, 0, 0
1.775408690168867, 2.967139385997827, 2.0, 3.8, 0, 0
1.775408690168867, 2.967139385997827, 2.0, 3.8, 0, 0
1.7788301396133233, 3.004823500471953, 2.0, 3.8, 0, 0
1.781442001713538, 3.0359593427822142, 2.0, 3.8, 0, 0
1.7842001141279016, 3.0637853345149404, 2.0, 3.8, 0, 0
1.7842001141279016, 3.0637853345149404, 2.0, 3.8, 0, 0
1.7876022469489938, 3.094899446944313, 2.0, 3.8, 0, 0
1.7935433451061162, 3.1456395282675373, 2.0, 3.8, 0, 0
1.7935433451061162, 3.1456395282675373, 2.0, 3.8, 0, 0
1.797550584633145, 3.1754051801396708, 2.0, 3.8, 0, 0
1.799921049888975, 3.201903681879786, 2.0, 3.8, 0, 0
1.8039849224150606, 3.228551755733101, 2.0, 3.8, 0, 0
1.807869020752654, 3.2562550457922956, 2.0, 3.8, 0, 0
1.8125399679696714, 3.2839272096414756, 2.0, 3.8, 0, 0
1.8125399679696714, 3.2839272096414756, 2.0, 3.8, 0, 0
1.816691654644317, 3.3083616013416095, 2.0, 3.8, 0, 0
1.8200816892647975, 3.331902692337397, 2.0, 3.8, 0, 0
1.8200816892647975, 3.331902692337397, 2.0, 3.8, 0, 0
1.8243074026797834, 3.355692863545995, 2.0, 3.8, 0, 0
1.831548757163254, 3.3917091874178826, 2.0, 3.8, 0, 0
1.8373687444887277, 3.413769390216845, 2.0, 3.8, 0, 0
1.8373687444887277, 3.413769390216845, 2.0, 3.8, 0, 0
1.8418489533727442, 3.4336994536476415, 2.0, 3.8, 0, 0
1.8470739699645227, 3.453219930117637, 2.0, 3.8, 0, 0
1.8470739699645227, 3.453219930117637, 2.0, 3.8, 0, 0
1.851846279307223, 3.4729584803059756, 2.0, 3.8, 0, 0
1.8557067052087028, 3.492092573225662, 2.0, 3.8, 0, 0
1.8557067052087028, 3.492092573225662, 2.0, 3.8, 0, 0
1.8613477580312023, 3.5097161802075987, 2.0, 3.8, 0, 0
1.8666926842191955, 3.5262343872545183, 2.0, 3.8, 0, 0
1.871158481687479, 3.5427641135974515, 2.0, 3.8, 0, 0
1.8762078855753344, 3.5594644375577023, 2.0, 3.8, 0, 0
1.8762078855753344, 3.5594644375577023, 2.0, 3.8, 0, 0
1.8833449423871644, 3.5825988042026897, 2.0, 3.8, 0, 0
1.8833449423871644, 3.5825988042026897, 2.0, 3.8, 0, 0
1.8876174783859458, 3.5969320674786887, 2.0, 3.8, 0, 0
1.8902990975396337, 3.611046507556658, 2.0, 3.8, 0, 0
1.8902990975396337, 3.611046507556658, 2.0, 3.8, 0, 0
1.8957440517124005, 3.6240694900897212, 2.0, 3.8, 0, 0
1.9007626942935112, 3.6371200121728817, 2.0, 3.8, 0, 0
1.9007626942935112, 3.6371200121728817, 2.0, 3.8, 0, 0
1.9048931414627126, 3.6508877573107914, 2.0, 3.8, 0, 0
1.9098532831021742, 3.6630762598815125, 2.0, 3.8, 0, 0
1.9098532831021742, 3.6630762598815125, 2.0, 3.8, 0, 0
1.912939364251081, 3.6742976547654997, 2.0, 3.8, 0, 0
1.918102628634845, 3.6842091985858816, 2.0, 3.8, 0, 0
1.9255854070691476, 3.6994380306784334, 1.6, 4.45, 0, 0
1.9255854070691476, 3.6994380306784334, 1.6, 4.45, 0, 0
1.932105384446603, 3.7093344136033948, 1.6, 4.45, 0, 0
1.9445681213557482, 3.7352865154206545, 1.6, 4.45, 0, 0
1.9445681213557482, 3.7352865154206545, 1.6, 4.45, 0, 0
1.9467634724429952, 3.770948086244214, 1.6, 4.45, 0, 0
1.945431723326683, 3.807766404297748, 1.6, 4.45, 0, 0
1.945431723326683, 3.807766404297748, 1.6, 4.45, 0, 0
1.9391192859289867, 3.8395873586219067, 1.6, 4.45, 0, 0
1.9391192859289867, 3.8395873586219067, 1.6, 4.45, 0, 0
1.9276438235786237, 3.865647238971697, 1.6, 4.45, 0, 0
1.9174099206081003, 3.8902652350312854, 1.6, 4.45, 0, 0
1.9174099206081003, 3.8902652350312854, 1.6, 4.45, 0, 0
1.9094471765552805, 3.917291453914979, 1.6, 4.45, 0, 0
1.901623913746334, 3.944788358450256, 1.6, 4.45, 0, 0
1.901623913746334, 3.944788358450256, 1.6, 4.45, 0, 0
1.8871189310367578, 3.9836581922110903, 1.6, 4.45, 0, 0
1.8771968354813235, 4.006385348209781, 1.6, 4.45, 0, 0
1.8771968354813235, 4.006385348209781, 1.6, 4.45, 0, 0
1.8682828096676705, 4.028958246645594, 1.6, 4.45, 0, 0
1.8587529721078144, 4.051915040761558, 1.6, 4.45, 0, 0
1.8489366240005314, 4.0742312010459045, 1.6, 4.45, 0, 0
1.8489366240005314, 4.0742312010459045, 1.6, 4.45, 0, 0
1.8403142591296582, 4.095676210349552, 1.6, 4.45, 0, 0
1.8312332576249493, 4.115628017577757, 1.6, 4.45, 0, 0
1.8312332576249493, 4.115628017577757, 1.6, 4.45, 0, 0
1.82284871853174, 4.134102313347675, 1.6, 4.45, 0, 0
1.8136783547362338, 4.151149346164505, 1.6, 4.45, 0, 0
1.804532218528347, 4.168847388216292, 1.6, 4.45, 0, 0
1.804532218528347, 4.168847388216292, 1.6, 4.45, 0, 0
1.795929880414234, 4.1874542116682, 1.6, 4.45, 0, 0
1.795929880414234, 4.1874542116682, 1.6, 4.45, 0, 0
1.787820377675353, 4.203965918585659, 1.6, 4.45, 0, 0
1.7808882885239181, 4.21888882178834, 1.6, 4.45, 0, 0
1.7808882885239181, 4.21888882178834, 1.6, 4.45, 0, 0
1.7672961249035366, 4.2403344550995, 1.6, 4.45, 0, 0
1.7672961249035366, 4.2403344550995, 1.6, 4.45, 0, 0
1.7586073518846883, 4.254992477593239, 1.6, 4.45, 0, 0
1.7509688447611744, 4.268384703282946, 1.6, 4.45, 0, 0
1.7448205475509801, 4.280404130948817, 1.6, 4.45, 0, 0
1.7448205475509801, 4.280404130948817, 1.6, 4.45, 0, 0
1.738414797975975, 4.2918042700875425, 1.6, 4.45, 0, 0
1.738414797975975, 4.2918042700875425, 1.6, 4.45, 0, 0
1.7304966690908576, 4.302850560639518, 1.6, 4.45, 0, 0
1.723402279861473, 4.316012708696047, 1.6, 4.45, 0, 0
1.7131206416856803, 4.3317616393398115, 1.6, 4.45, 0, 0
1.7131206416856803, 4.3317616393398115, 1.6, 4.45, 0, 0
1.7077640690528222, 4.341396182900818, 1.6, 4.45, 0, 0
1.7077640690528222, 4.341396182900818, 1.6, 4.45, 0, 0
1.7013143652606475, 4.350162357721867, 1.6, 4.45, 0, 0
1.6948831244897986, 4.3582194069427285, 0.6, 5.2, 0, 0
1.68830903557311, 4.365913421169091, 0.6, 5.2, 0, 0
1.68830903557311, 4.365913421169091, 0.6, 5.2, 0, 0
1.6774738831740614, 4.381895851287486, 0.6, 5.2, 0, 0
1.6774738831740614, 4.381895851287486, 0.6, 5.2, 0, 0
1.646189350185679, 4.419022127638594, 0.6, 5.2, 0, 0
1.607034868789978, 4.467911478080522, 0.6, 5.2, 0, 0
1.5773136581571041, 4.504713219051791, 0.6, 5.2, 0, 0
1.5773136581571041, 4.504713219051791, 0.6, 5.2, 0, 0
1.5773136581571041, 4.504713219051791, 0.6, 5.2, 0, 0
1.53726052149695, 4.548417039750707, 0.6, 5.2, 0, 0
1.53726052149695, 4.548417039750707, 0.6, 5.2, 0, 0
1.489132626154243, 4.595284919902059, 0.6, 5.2, 0, 0
1.4573620071877587, 4.627043494657334, 0.6, 5.2, 0, 0
1.4573620071877587, 4.627043494657334, 0.6, 5.2, 0, 0
1.4333517023933133, 4.6519105946828265, 0.6, 5.2, 0, 0
1.4110396157909748, 4.672615320989874, 0.6, 5.2, 0, 0
1.4110396157909748, 4.672615320989874, 0.6, 5.2, 0, 0
1.3852465512720495, 4.696269215441371, 0.6, 5.2, 0, 0
1.35572027164314, 4.722442654483183, 0.6, 5.2, 0, 0
1.35572027164314, 4.722442654483183, 0.6, 5.2, 0, 0
1.3268351104646676, 4.747541864902909, 0.6, 5.2, 0, 0
1.3268351104646676, 4.747541864902909, 0.6, 5.2, 0, 0
1.3018049320984137, 4.769257717889921, 0.6, 5.2, 0, 0
1.2792178444080897, 4.788359798134481, 0.6, 5.2, 0, 0
1.2559460235236601, 4.808445565551311, 0.6, 5.2, 0, 0
1.2559460235236601, 4.808445565551311, 0.6, 5.2, 0, 0
1.2296430496885749, 4.830582359976676, 0.6, 5.2, 0, 0
1.2026840064290116, 4.851063717024709, 0.6, 5.2, 0, 0
1.2026840064290116, 4.851063717024709, 0.6, 5.2, 0, 0
1.1670703044427908, 4.876974308118634, 0.6, 5.2, 0, 0
1.1670703044427908, 4.876974308118634, 0.6, 5.2, 0, 0
1.1460665207618201, 4.894637761095983, 0.6, 5.2, 0, 0
1.12289054670445, 4.911421390813422, 0.6, 5.2, 0, 0
1.12289054670445, 4.911421390813422, 0.6, 5.2, 0, 0
1.1009336625029174, 4.929857630564534, 0.6, 5.2, 0, 0
1.079278639992466, 4.945235982234069, 0.6, 5.2, 0, 0
1.079278639992466, 4.945235982234069, 0.6, 5.2, 0, 0
1.0590834153986624, 4.959976297821117, 0.6, 5.2, 0, 0
1.0387691307307345, 4.97406821175892, 0.6, 5.2, 0, 0
1.0387691307307345, 4.97406821175892, 0.6, 5.2, 0, 0
1.0186735692184339, 4.988176255829779, 0.6, 5.2, 0, 0
1.0186735692184339, 4.988176255829779, 0.6, 5.2, 0, 0
0.9996405522137404, 5.001695148672725, 0.6, 5.2, 0, 0
0.9819910735394917, 5.014103581391133, 0.6, 5.2, 0, 0
0.9819910735394917, 5.014103581391133, 0.6, 5.2, 0, 0
0.9641528540269562, 5.0266658870960015, 0.6, 5.2, 0, 0
0.945667806437178, 5.039059333574025, 0.6, 5.2, 0, 0
0.945667806437178, 5.039059333574025, 0.6, 5.2, 0, 0
0.9282844622435227, 5.050562022157348, 0.6, 5.2, 0, 0
0.9132435764066555, 5.061658645663728, 0.6, 5.2, 0, 0
0.9132435764066555, 5.061658645663728, 0.6, 5.2, 0, 0
0.8959966015792027, 5.070642623585629, 0.6, 5.2, 0, 0
0.8797638357996682, 5.079810666732711, 0.6, 5.2, 0, 0
0.8797638357996682, 5.079810666732711, 0.6, 5.2, 0, 0
0.8643208561221913, 5.089744698073564, 0.6, 5.2, 0, 0
0.8431022262361496, 5.10109027632058, 0.6, 5.2, 0, 0
0.8289780445989281, 5.110320552214549, 0.6, 5.2, 0, 0
0.8289780445989281, 5.110320552214549, 0.6, 5.2, 0, 0
0.8155657511294938, 5.118174123624409, 0.6, 5.2, 0, 0
0.8155657511294938, 5.118174123624409, 0.6, 5.2, 0, 0
0.803171463289275, 5.125199344541491, 0.6, 5.2, 0, 0
0.7917199104028529, 5.133030636675582, 0.6, 5.2, 0, 0
0.7796226085558036, 5.139351727405937, 0.6, 5.2, 0, 0
0.7796226085558036, 5.139351727405937, 0.6, 5.2, 0, 0
0.7670751521058947, 5.145868677354926, 0.6, 5.2, 0, 0
0.7563057149912988, 5.150780308879661, 0.6, 5.2, 0, 0
0.7563057149912988, 5.150780308879661, 0.6, 5.2, 0, 0
0.7474811531875236, 5.154632478264742, 0.6, 5.2, 0, 0
0.9995305046189198, 5.051190707963705, 0.6, 5.2, 0, 0
0.9993447559427553, 5.0522587423401655, 1.6, 4.45, 0, 0
0.9993447559427553, 5.0522587423401655, 1.6, 4.45, 0, 0
0.9968470511123051, 5.049549891923486, 1.6, 4.45, 0, 0
1.0020266965734759, 5.045215866900881, 1.6, 4.45, 0, 0
1.0020266965734759, 5.045215866900881, 1.6, 4.45, 0, 0
1.0265460767551886, 5.01826902115774, 1.6, 4.45, 0, 0
1.0625274655959203, 4.9784638373610015, 1.6, 4.45, 0, 0
1.0877963094253555, 4.948285458817356, 1.6, 4.45, 0, 0
1.1003986859136203, 4.93318133332635, 1.6, 4.45, 0, 0
1.1003986859136203, 4.93318133332635, 1.6, 4.45, 0, 0
1.122609506352731, 4.907873374984723, 1.6, 4.45, 0, 0
1.147812375793471, 4.880933043287562, 1.6, 4.45, 0, 0
1.1706919091726045, 4.855094214901717, 1.6, 4.45, 0, 0
1.1706919091726045, 4.855094214901717, 1.6, 4.45, 0, 0
1.1859175351017064, 4.837140429365875, 1.6, 4.45, 0, 0
1.1985170391433968, 4.823197377407876, 1.6, 4.45, 0, 0
1.215553439129323, 4.804254250012445, 1.6, 4.45, 0, 0
1.2358730546042653, 4.781497437253394, 1.6, 4.45, 0, 0
1.2358730546042653, 4.781497437253394, 1.6, 4.45, 0, 0
1.2529998861610312, 4.762276601141868, 1.6, 4.45, 0, 0
1.2661546428164487, 4.748163271366908, 1.6, 4.45, 0, 0
1.2797360858033664, 4.7330005899947665, 1.6, 4.45, 0, 0
1.2797360858033664, 4.7330005899947665, 1.6, 4.45, 0, 0
1.2952923864184442, 4.716948449602491, 1.6, 4.45, 0, 0
1.3107968100168295, 4.699584894411176, 1.6, 4.45, 0, 0
1.3256528967420258, 4.68429858723078, 1.6, 4.45, 0, 0
1.3442451259632686, 4.665448708913274, 1.6, 4.45, 0, 0
1.3442451259632686, 4.665448708913274, 1.6, 4.45, 0, 0
1.3567964593637334, 4.652630014367012, 1.6, 4.45, 0, 0
1.3708017260721492, 4.639420195881273, 1.6, 4.45, 0, 0
1.3833333426796366, 4.626459687202871, 1.6, 4.45, 0, 0
1.3943492778511062, 4.615211168531598, 1.6, 4.45, 0, 0
1.3943492778511062, 4.615211168531598, 1.6, 4.45, 0, 0
1.4035329837823032, 4.604746955930103, 1.6, 4.45, 0, 0
1.414813654517396, 4.595072894333937, 1.6, 4.45, 0, 0
1.414813654517396, 4.595072894333937, 1.6, 4.45, 0, 0
1.426256066098986, 4.584147977071208, 1.6, 4.45, 0, 0
1.4368324418288871, 4.573825788523231, 1.6, 4.45, 0, 0
1.4462312940923656, 4.564858309717607, 1.6, 4.45, 0, 0
1.4553978457133763, 4.556071209434844, 1.6, 4.45, 0, 0
1.4553978457133763, 4.556071209434844, 1.6, 4.45, 0, 0
1.4648764343440006, 4.547702597986617, 1.6, 4.45, 0, 0
1.4744812465320132, 4.538862321812593, 1.6, 4.45, 0, 0
1.4880574940206628, 4.527192257368601, 1.6, 4.45, 0, 0
1.4880574940206628, 4.527192257368601, 2.0, 3.8, 0, 0
1.495519238790953, 4.519451691175935, 2.0, 3.8, 0, 0
1.5035813244482428, 4.512950516293306, 2.0, 3.8, 0, 0
1.5229415746243122, 4.49764159036364, 2.0, 3.8, 0, 0
1.5229415746243122, 4.49764159036364, 2.0, 3.8, 0, 0
1.5577254230784336, 4.463870443111574, 2.0, 3.8, 0, 0
1.5913195243933473, 4.430894407011956, 2.0, 3.8, 0, 0
1.6115697436381398, 4.411366244770264, 2.0, 3.8, 0, 0
1.6115697436381398, 4.411366244770264, 2.0, 3.8, 0, 0
1.6333700177153831, 4.388730055820773, 2.0, 3.8, 0, 0
1.6571640519580169, 4.3654316581406665, 2.0, 3.8, 0, 0
1.6571640519580169, 4.3654316581406665, 2.0, 3.8, 0, 0
1.6826026438826784, 4.338320344249773, 2.0, 3.8, 0, 0
1.7021185210288783, 4.316015863999958, 2.0, 3.8, 0, 0
1.7163246776357335, 4.299412442230289, 2.0, 3.8, 0, 0
1.7163246776357335, 4.299412442230289, 2.0, 3.8, 0, 0
1.7299319668851927, 4.2828887568277665, 2.0, 3.8, 0, 0
1.7477110516119936, 4.262653491910369, 2.0, 3.8, 0, 0
1.7477110516119936, 4.262653491910369, 2.0, 3.8, 0, 0
1.7668548820109848, 4.241314610551341, 2.0, 3.8, 0, 0
1.7832323950653468, 4.221994166297799, 2.0, 3.8, 0, 0
1.7832323950653468, 4.221994166297799, 2.0, 3.8, 0, 0
1.8030627421518302, 4.198010725459804, 2.0, 3.8, 0, 0
1.8165983277126432, 4.179799717153676, 2.0, 3.8, 0, 0
1.8307961572704137, 4.16001723409799, 2.0, 3.8, 0, 0
1.8307961572704137, 4.16001723409799, 2.0, 3.8, 0, 0
1.8439007654630373, 4.1428145702310815, 2.0, 3.8, 0, 0
1.854601926487066, 4.12713635436518, 2.0, 3.8, 0, 0
1.854601926487066, 4.12713635436518, 2.0, 3.8, 0, 0
1.8663035091507925, 4.113211665386105, 2.0, 3.8, 0, 0
1.876662331047512, 4.098083816599445, 2.0, 3.8, 0, 0
1.876662331047512, 4.098083816599445, 2.0, 3.8, 0, 0
1.886523412361369, 4.081881419390344, 2.0, 3.8, 0, 0
1.8963707062670063, 4.067248483842888, 2.0, 3.8, 0, 0
1.9043781129937147, 4.053466497864333, 2.0, 3.8, 0, 0
1.9120072237881016, 4.040077694016082, 2.0, 3.8, 0, 0
1.9120072237881016, 4.040077694016082, 2.0, 3.8, 0, 0
1.9210340547341413, 4.02666943823572, 2.0, 3.8, 0, 0
1.9328667169800238, 4.006237044734837, 2.0, 3.8, 0, 0
1.9328667169800238, 4.006237044734837, 2.0, 3.8, 0, 0
1.9395360483894037, 3.993953375960735, 2.0, 3.8, 0, 0
1.9461371077881644, 3.9818329215627335, 2.0, 3.8, 0, 0
1.9521505993675912, 3.9702031443067343, 2.0, 3.8, 0, 0
1.9521505993675912, 3.9702031443067343, 2.0, 3.8, 0, 0
1.957533557821299, 3.9585369256269023, 2.0, 3.8, 0, 0
1.9626525047613, 3.948659001643319, 2.0, 3.8, 0, 0
1.9626525047613, 3.948659001643319, 2.0, 3.8, 0, 0
1.9692396668728644, 3.9378739149345354, 2.0, 3.8, 0, 0
1.9753252918202688, 3.9270266955212705, 1.8, 2.6, 0, 0
1.9753252918202688, 3.9270266955212705, 1.8, 2.6, 0, 0
1.9804470013278686, 3.9157536040322527, 1.8, 2.6, 0, 0
1.9905986349581726, 3.894241237016136, 1.8, 2.6, 0, 0
1.9905986349581726, 3.894241237016136, 1.8, 2.6, 0, 0
2.0050221289936117, 3.841938374572388, 1.8, 2.6, 0, 0
2.01984795222081, 3.784018775422913, 1.8, 2.6, 0, 0
2.0275766884270863, 3.7426146797721955, 1.8, 2.6, 0, 0
2.0275766884270863, 3.7426146797721955, 1.8, 2.6, 0, 0
2.029967774210879, 3.714754659873162, 1.8, 2.6, 0, 0
2.029967774210879, 3.714754659873162, 1.8, 2.6, 0, 0
2.0297949881240216, 3.661530816109598, 1.8, 2.6, 0, 0
2.031695573097527, 3.6152570538164968, 1.8, 2.6, 0, 0
2.034933064065914, 3.572274504424568, 1.8, 2.6, 0, 0
2.034933064065914, 3.572274504424568, 1.8, 2.6, 0, 0
2.036774787274447, 3.53893147433396, 1.8, 2.6, 0, 0
2.036774787274447, 3.53893147433396, 1.8, 2.6, 0, 0
2.0336889275601697, 3.5081598109108727, 1.8, 2.6, 0, 0
2.031745648847856, 3.4725767226828075, 1.8, 2.6, 0, 0
2.030373138711388, 3.433475975683226, 1.8, 2.6, 0, 0
2.030373138711388, 3.433475975683226, 1.8, 2.6, 0, 0
2.028120155877728, 3.3969839961760626, 1.8, 2.6, 0, 0
2.028120155877728, 3.3969839961760626, 1.8, 2.6, 0, 0
2.022575791244483, 3.3505479829878735, 1.8, 2.6, 0, 0
2.019980928472563, 3.3192250283508207, 1.8, 2.6, 0, 0
2.019980928472563, 3.3192250283508207, 1.8, 2.6, 0, 0
2.0169179130221324, 3.284337058556772, 1.8, 2.6, 0, 0
2.013856865556697, 3.251821639315828, 1.8, 2.6, 0, 0
2.013856865556697, 3.251821639315828, 1.8, 2.6, 0, 0
2.009703201060483, 3.22317355611201, 1.8, 2.6, 0, 0
2.0057668608029253, 3.197021804251442, 1.8, 2.6, 0, 0
2.0005758584609343, 3.1698795863117555, 1.8, 2.6, 0, 0
2.0005758584609343, 3.1698795863117555, 1.8, 2.6, 0, 0
1.9970765701016426, 3.1410996248632315, 1.8, 2.6, 0, 0
1.9901405442536233, 3.1003107152745257, 1.8, 2.6, 0, 0
1.9901405442536233, 3.1003107152745257, 1.8, 2.6, 0, 0
1.9866105339338773, 3.0752455157512326, 1.8, 2.6, 0, 0
1.98147777750924, 3.0520623642940787, 1.8, 2.6, 0, 0
1.9757435461415005, 3.0288641167175645, 1.8, 2.6, 0, 0
1.9757435461415005, 3.0288641167175645, 1.8, 2.6, 0, 0
1.9706329492770838, 3.005566470920416, 1.8, 2.6, 0, 0
1.9674397078465349, 2.984465333293116, 1.8, 2.6, 0, 0
1.962748268927083, 2.9641013552714957, 1.8, 2.6, 0, 0
1.962748268927083, 2.9641013552714957, 1.8, 2.6, 0, 0
1.9578139891433608, 2.943304331854286, 1.8, 2.6, 0, 0
1.951759697924081, 2.922617191940027, 1.8, 2.6, 0, 0
1.9474385222584514, 2.9029484873343145, 1.8, 2.6, 0, 0
1.9439951313350496, 2.8858655116289915, 1.8, 2.6, 0, 0
1.9439951313350496, 2.8858655116289915, 1.8, 2.6, 0, 0
1.9392559711268484, 2.8694034078593944, 1.8, 2.6, 0, 0
1.9331963195908366, 2.851857743914644, 1.8, 2.6, 0, 0
1.9331963195908366, 2.851857743914644, 1.8, 2.6, 0, 0
1.9279589891204418, 2.8352258567834774, 1.8, 2.6, 0, 0
1.9226283152863428, 2.812668188099093, 1.8, 2.6, 0, 0
1.9180697082560378, 2.7986306668811833, 1.8, 2.6, 0, 0
1.9180697082560378, 2.7986306668811833, 1.8, 2.6, 0, 0
1.912103764987001, 2.784147831491985, 1.8, 2.6, 0, 0
1.9086668528432367, 2.769946601442582, 1.8, 2.6, 0, 0
1.903660818511328, 2.758275006852821, 1.8, 2.6, 0, 0
1.903660818511328, 2.758275006852821, 1.8, 2.6, 0, 0
1.8988748062096132, 2.7457463881640813, 1.8, 2.6, 0, 0
1.895468545493618, 2.7349608660193416, 1.8, 2.6, 0, 0
1.895468545493618, 2.7349608660193416, 1.8, 2.6, 0, 0
1.8907360936595787, 2.723689836801098, 1.8, 2.6, 0, 0
1.8852105987004917, 2.7119945640185974, 1.8, 2.6, 0, 0
1.879878355374333, 2.700654613352451, 2.0, 1.95, 0, 0
1.879878355374333, 2.700654613352451, 2.0, 1.95, 0, 0
1.8757288154196674, 2.6917148528319093, 2.0, 1.95, 0, 0
1.8757288154196674, 2.6917148528319093, 2.0, 1.95, 0, 0
1.8634108495384425, 2.6702224305266182, 2.0, 1.95, 0, 0
1.8473929563438334, 2.609316804369373, 2.0, 1.95, 0, 0
1.8473929563438334, 2.609316804369373, 2.0, 1.95, 0, 0
1.839827635548549, 2.576589909905272, 2.0, 1.95, 0, 0
1.8370118757945746, 2.5551810263050485, 2.0, 1.95, 0, 0
1.8370118757945746, 2.5551810263050485, 2.0, 1.95, 0, 0
1.8380927201817217, 2.533513152034351, 2.0, 1.95, 0, 0
1.8399595598462546, 2.5045350239086948, 2.0, 1.95, 0, 0
1.8399595598462546, 2.5045350239086948, 2.0, 1.95, 0, 0
1.8415603002965364, 2.4728974050031765, 2.0, 1.95, 0, 0
1.840945375015444, 2.4460469382121, 2.0, 1.95, 0, 0
1.840945375015444, 2.4460469382121, 2.0, 1.95, 0, 0
1.8431856094846157, 2.4244357617165195, 2.0, 1.95, 0, 0
1.8443383125423005, 2.402965210357488, 2.0, 1.95, 0, 0
1.850545677358899, 2.3657122987661285, 2.0, 1.95, 0, 0
1.850545677358899, 2.3657122987661285, 2.0, 1.95, 0, 0
1.8554587505002496, 2.3413291855049443, 2.0, 1.95, 0, 0
1.8569512949785127, 2.3194475285525926, 2.0, 1.95, 0, 0
1.8611709175436317, 2.3011383700408548, 2.0, 1.95, 0, 0
1.8611709175436317, 2.3011383700408548, 2.0, 1.95, 0, 0
1.8646997127114235, 2.2817504819489614, 2.0, 1.95, 0, 0
1.8689659872852495, 2.2627219323126724, 2.0, 1.95, 0, 0
1.8689659872852495, 2.2627219323126724, 2.0, 1.95, 0, 0
1.8732980911024522, 2.243786476772417, 2.0, 1.95, 0, 0
1.8778029802799194, 2.227108153310548, 2.0, 1.95, 0, 0
1.881495549055265, 2.210800148041989, 2.0, 1.95, 0, 0
1.884851698251486, 2.1949126446958775, 2.0, 1.95, 0, 0
1.884851698251486, 2.1949126446958775, 2.0, 1.95, 0, 0
1.887207545523558, 2.1793468493859462, 2.0, 1.95, 0, 0
1.8912717412033533, 2.1648191512380524, 2.0, 1.95, 0, 0
1.8912717412033533, 2.1648191512380524, 2.0, 1.95, 0, 0
1.8966163902906363, 2.1498038681526817, 2.0, 1.95, 0, 0
1.9017923449695378, 2.1357865541031944, 2.0, 1.95, 0, 0
1.9017923449695378, 2.1357865541031944, 2.0, 1.95, 0, 0
1.9058450861293796, 2.1223379151723836, 2.0, 1.95, 0, 0
1.908306535704284, 2.1096922650906285, 2.0, 1.95, 0, 0
1.908306535704284, 2.1096922650906285, 2.0, 1.95, 0, 0
1.9117581864974396, 2.097047858943952, 2.0, 1.95, 0, 0
1.9160101636144558, 2.085782864909494, 2.0, 1.95, 0, 0
1.9160101636144558, 2.085782864909494, 2.0, 1.95, 0, 0
1.9190088972371535, 2.0747294854868876, 2.0, 1.95, 0, 0
1.9254379756948246, 2.0584253219025417, 3, 0.9, 0, 0
1.9254379756948246, 2.0584253219025417, 3, 0.9, 0, 0
1.9300489165276011, 2.047444660509136, 3, 0.9, 0, 0
1.941115525803652, 2.0258438651735187, 3, 0.9, 0, 0
1.941115525803652, 2.0258438651735187, 3, 0.9, 0, 0
1.96648702655339, 1.9759289200197265, 3, 0.9, 0, 0
1.96648702655339, 1.9759289200197265, 3, 0.9, 0, 0
1.99521776294725, 1.9185222436983569, 3, 0.9, 0, 0
2.0162020865362154, 1.8776014731348205, 3, 0.9, 0, 0
2.031187999071916, 1.8549565217002877, 3, 0.9, 0, 0
2.031187999071916, 1.8549565217002877, 3, 0.9, 0, 0
2.0497293557804475, 1.8296545575194778, 3, 0.9, 0, 0
2.0767832881426815, 1.7892691833879972, 3, 0.9, 0, 0
2.0767832881426815, 1.7892691833879972, 3, 0.9, 0, 0
2.107073674106249, 1.745555421045022, 3, 0.9, 0, 0
2.107073674106249, 1.745555421045022, 3, 0.9, 0, 0
2.1320216495850213, 1.7088849285543208, 3, 0.9, 0, 0
2.152024797624967, 1.6799111029786045, 3, 0.9, 0, 0
2.152024797624967, 1.6799111029786045, 3, 0.9, 0, 0
2.173344950375208, 1.6500532533121202, 3, 0.9, 0, 0
2.1986350197935676, 1.6177705816628505, 3, 0.9, 0, 0
2.1986350197935676, 1.6177705816628505, 3, 0.9, 0, 0
2.2251057696589354, 1.585398502619868, 3, 0.9, 0, 0
2.2251057696589354, 1.585398502619868, 3, 0.9, 0, 0
2.260213390096689, 1.542463362149635, 3, 0.9, 0, 0
2.282749870135169, 1.5156532900222577, 3, 0.9, 0, 0
2.282749870135169, 1.5156532900222577, 3, 0.9, 0, 0
2.306828272285198, 1.4884306937114442, 3, 0.9, 0, 0
2.3302519137218876, 1.4605206467418426, 3, 0.9, 0, 0
2.3302519137218876, 1.4605206467418426, 3, 0.9, 0, 0
2.353423712378169, 1.4348414460721806, 3, 0.9, 0, 0
2.374443367087956, 1.4091265181920307, 3, 0.9, 0, 0
2.374443367087956, 1.4091265181920307, 3, 0.9, 0, 0
2.397382225501059, 1.3859054141118274, 3, 0.9, 0, 0
2.4186271272490263, 1.36136426805629, 3, 0.9, 0, 0
2.4186271272490263, 1.36136426805629, 3, 0.9, 0, 0
2.4402196480717766, 1.3384206078313148, 3, 0.9, 0, 0
2.471048840795604, 1.3068239485775726, 3, 0.9, 0, 0
2.471048840795604, 1.3068239485775726, 3, 0.9, 0, 0
2.4918450163674004, 1.2855218833822208, 3, 0.9, 0, 0
2.5128430256455045, 1.264657154619147, 3, 0.9, 0, 0
2.5128430256455045, 1.264657154619147, 3, 0.9, 0, 0
2.5329898852699007, 1.2451666326334512, 3, 0.9, 0, 0
2.5515461027466424, 1.2260425223807923, 3, 0.9, 0, 0
2.5515461027466424, 1.2260425223807923, 3, 0.9, 0, 0
2.569952473412745, 1.208026584467321, 3, 0.9, 0, 0
2.5877404247469373, 1.1902997097474954, 3, 0.9, 0, 0
2.5877404247469373, 1.1902997097474954, 3, 0.9, 0, 0
2.6047541354509085, 1.1739828887310848, 3, 0.9, 0, 0
2.6217313497915593, 1.15817955385418, 3, 0.9, 0, 0
2.6217313497915593, 1.15817955385418, 3, 0.9, 0, 0
2.639530665439875, 1.1428218078460046, 3, 0.9, 0, 0
2.656266567385347, 1.1280216022369076, 3, 0.9, 0, 0
2.656266567385347, 1.1280216022369076, 3, 0.9, 0, 0
2.6714791299561456, 1.1150000301340648, 3, 0.9, 0, 0
2.6871930099331522, 1.1015724027908504, 3, 0.9, 0, 0
2.6871930099331522, 1.1015724027908504, 3, 0.9, 0, 0
2.702488556057514, 1.0869668124653102, 3, 0.9, 0, 0
2.702488556057514, 1.0869668124653102, 3, 0.9, 0, 0
2.7247680076538905, 1.0677213445166025, 3, 0.9, 0, 0
2.738797511786498, 1.0570036762164012, 3, 0.9, 0, 0
2.738797511786498, 1.0570036762164012, 3, 0.9, 0, 0
2.7528593860642, 1.0460826555773721, 3, 0.9, 0, 0
2.766355202645505, 1.035974394856369, 3, 0.9, 0, 0
2.766355202645505, 1.035974394856369, 3, 0.9, 0, 0
2.779571032561936, 1.0263831519953017, 3, 0.9, 0, 0
2.792233997692394, 1.0165888314928473, 3, 0.9, 0, 0
2.792233997692394, 1.0165888314928473, 3, 0.9, 0, 0
2.803491310035103, 1.0062953714905598, 3, 0.9, 0, 0
2.8159676572941614, 0.9975374745357315, 3, 0.9, 0, 0
2.8159676572941614, 0.9975374745357315, 3, 0.9, 0, 0
2.8255247834597674, 0.9890338376987845, 3, 0.9, 0, 0
2.8355094200491937, 0.9812365540578557, 3, 0.9, 0, 0
2.8355094200491937, 0.9812365540578557, 3, 0.9, 0, 0
2.852385637167432, 0.9705038798441249, 3, 0.9, 0, 0
2.862273483121929, 0.9621777941863789, 3, 0.9, 0, 0
2.862273483121929, 0.9621777941863789, 3, 0.9, 0, 0
2.7092499914224493, 0.848625165471324, 3, 0.9, 0, 0
2.7076856448898137, 0.850408090014268, 2.0, 1.95, 0, 0
2.7076856448898137, 0.850408090014268, 2.0, 1.95, 0, 0
2.631366680222254, 0.894005051285345, 2.0, 1.95, 0, 0
2.651383768975634, 0.8819902205399986, 2.0, 1.95, 0, 0
2.6567836562249507, 0.8772673593632686, 2.0, 1.95, 0, 0
2.6567836562249507, 0.8772673593632686, 2.0, 1.95, 0, 0
2.6269913028115606, 0.8953749317596905, 2.0, 1.95, 0, 0
2.57711097529184, 0.9346543745577418, 2.0, 1.95, 0, 0
2.534730501824027, 0.9727564095249719, 2.0, 1.95, 0, 0
2.534730501824027, 0.9727564095249719, 2.0, 1.95, 0, 0
2.511537393129616, 0.9948994334623034, 2.0, 1.95, 0, 0
2.4966208669874925, 1.0124745934288968, 2.0, 1.95, 0, 0
2.473185221635969, 1.0402932297534475, 2.0, 1.95, 0, 0
2.473185221635969, 1.0402932297534475, 2.0, 1.95, 0, 0
2.4415668118781086, 1.0759766525767143, 2.0, 1.95, 0, 0
2.414135468371986, 1.1095393028512248, 2.0, 1.95, 0, 0
2.393100003329495, 1.1343340948537026, 2.0, 1.95, 0, 0
2.3754930545256747, 1.1572630689655043, 2.0, 1.95, 0, 0
2.3754930545256747, 1.1572630689655043, 2.0, 1.95, 0, 0
2.3539841412640015, 1.1835925097172897, 2.0, 1.95, 0, 0
2.322229566304693, 1.22951034796294, 2.0, 1.95, 0, 0
2.322229566304693, 1.22951034796294, 2.0, 1.95, 0, 0
2.3028537394703923, 1.2571382656276353, 2.0, 1.95, 0, 0
2.285479805522384, 1.281408472037352, 2.0, 1.95, 0, 0
2.268729670896163, 1.305930421185074, 2.0, 1.95, 0, 0
2.268729670896163, 1.305930421185074, 2.0, 1.95, 0, 0
2.2506323844238416, 1.3308152503454025, 2.0, 1.95, 0, 0
2.2350872127717367, 1.3560158483205815, 2.0, 1.95, 0, 0
2.2350872127717367, 1.3560158483205815, 2.0, 1.95, 0, 0
2.221153534116367, 1.3797675535041865, 2.0, 1.95, 0, 0
2.2065650398081695, 1.4027147610427892, 2.0, 1.95, 0, 0
2.2065650398081695, 1.4027147610427892, 2.0, 1.95, 0, 0
2.1963776396210872, 1.4190147082030784, 2.0, 1.95, 0, 0
2.1963776396210872, 1.4190147082030784, 2.0, 1.95, 0, 0
2.1853149368053093, 1.4398371817931634, 2.0, 1.95, 0, 0
2.16269510255337, 1.4801828829075918, 2.0, 1.95, 0, 0
2.1479299910372687, 1.505450609000715, 2.0, 1.95, 0, 0
2.1479299910372687, 1.505450609000715, 2.0, 1.95, 0, 0
2.1378844697583865, 1.5236890273048205, 2.0, 1.95, 0, 0
2.130654250721107, 1.5386992149343257, 2.0, 1.95, 0, 0
2.130654250721107, 1.5386992149343257, 2.0, 1.95, 0, 0
2.1210181614211354, 1.559172440938133, 2.0, 1.95, 0, 0
2.1210181614211354, 1.559172440938133, 2.0, 1.95, 0, 0
2.1081678879590258, 1.5830936547858667, 2.0, 1.95, 0, 0
2.0959287407934406, 1.603929495941413, 2.0, 1.95, 0, 0
2.0866802593057114, 1.61836564813551, 2.0, 1.95, 0, 0
2.0866802593057114, 1.61836564813551, 2.0, 1.95, 0, 0
2.0808857204764366, 1.6323208844200026, 2.0, 1.95, 0, 0
2.0716072214050247, 1.6501522684095256, 2.0, 1.95, 0, 0
2.0619250098180806, 1.6688330734988588, 2.0, 1.95, 0, 0
2.0619250098180806, 1.6688330734988588, 2.0, 1.95, 0, 0
2.0563777775448027, 1.6854546442461225, 2.0, 1.95, 0, 0
2.0513030595194106, 1.6985517674784494, 2.0, 1.95, 0, 0
2.0513030595194106, 1.6985517674784494, 2.0, 1.95, 0, 0
2.0401917367099305, 1.717721081639982, 2.0, 1.95, 0, 0
2.035086396766488, 1.7329259198193867, 2.0, 1.95, 0, 0
2.035086396766488, 1.7329259198193867, 2.0, 1.95, 0, 0
2.0312518941434536, 1.747178406957916, 2.0, 1.95, 0, 0
2.0269168235938984, 1.7597933252426445, 2.0, 1.95, 0, 0
2.0269168235938984, 1.7597933252426445, 2.0, 1.95, 0, 0
2.0230834451903945, 1.770980376239916, 2.0, 1.95, 0, 0
2.0194636846500806, 1.782227986369663, 2.0, 1.95, 0, 0
2.0194636846500806, 1.782227986369663, 2.0, 1.95, 0, 0
2.013623947668557, 1.7945394595547302, 2.0, 1.95, 0, 0
2.009423902507722, 1.8072329153744406, 2.0, 1.95, 0, 0
2.0058281948999905, 1.8169392528299233, 1.8, 2.6, 0, 0
2.0058281948999905, 1.8169392528299233, 1.8, 2.6, 0, 0
2.0033560304482467, 1.8267791970840097, 1.8, 2.6, 0, 0
2.0033560304482467, 1.8267791970840097, 1.8, 2.6, 0, 0
1.9985998831515936, 1.8432936017930066, 1.8, 2.6, 0, 0
1.980739979587678, 1.9043082544978092, 1.8, 2.6, 0, 0
1.980739979587678, 1.9043082544978092, 1.8, 2.6, 0, 0
1.9696961128563921, 1.943418246924574, 1.8, 2.6, 0, 0
1.9634915516303595, 1.9666220983288647, 1.8, 2.6, 0, 0
1.9634915516303595, 1.9666220983288647, 1.8, 2.6, 0, 0
1.958184662514621, 1.983815975957639, 1.8, 2.6, 0, 0
1.9498753334007177, 2.009627460798245, 1.8, 2.6, 0, 0
1.9498753334007177, 2.009627460798245, 1.8, 2.6, 0, 0
1.939871282548795, 2.043410044573796, 1.8, 2.6, 0, 0
1.9310255131525638, 2.0730672454496157, 1.8, 2.6, 0, 0
1.9310255131525638, 2.0730672454496157, 1.8, 2.6, 0, 0
1.9251195664311953, 2.095396094352422, 1.8, 2.6, 0, 0
1.9161248743590482, 2.126310125382478, 1.8, 2.6, 0, 0
1.9161248743590482, 2.126310125382478, 1.8, 2.6, 0, 0
1.9079312835202185, 2.1511535685650527, 1.8, 2.6, 0, 0
1.9079312835202185, 2.1511535685650527, 1.8, 2.6, 0, 0
1.9011073337246374, 2.1762219193123076, 1.8, 2.6, 0, 0
1.8946705620619677, 2.196157961310725, 1.8, 2.6, 0, 0
1.8946705620619677, 2.196157961310725, 1.8, 2.6, 0, 0
1.8886502013698625, 2.2131753217739973, 1.8, 2.6, 0, 0
1.8828938169251208, 2.231969622455969, 1.8, 2.6, 0, 0
1.8766422092773922, 2.2532323951307367, 1.8, 2.6, 0, 0
1.8766422092773922, 2.2532323951307367, 1.8, 2.6, 0, 0
1.8708232075093485, 2.2733159510515266, 1.8, 2.6, 0, 0
1.8660541321631385, 2.289590287300424, 1.8, 2.6, 0, 0
1.8613559913527424, 2.3059132886459395, 1.8, 2.6, 0, 0
1.8613559913527424, 2.3059132886459395, 1.8, 2.6, 0, 0
1.8563457134903296, 2.3234248481350717, 1.8, 2.6, 0, 0
1.848695646047834, 2.348591837786702, 1.8, 2.6, 0, 0
1.848695646047834, 2.348591837786702, 1.8, 2.6, 0, 0
1.8443621589068582, 2.3627599777210406, 1.8, 2.6, 0, 0
1.8443621589068582, 2.3627599777210406, 1.8, 2.6, 0, 0
1.8405767510597735, 2.376036765262883, 1.8, 2.6, 0, 0
1.8369506511285159, 2.390160146560877, 1.8, 2.6, 0, 0
1.8369506511285159, 2.390160146560877, 1.8, 2.6, 0, 0
1.832940161061715, 2.4026142932367476, 1.8, 2.6, 0, 0
1.8296440117665167, 2.4152765679069548, 1.8, 2.6, 0, 0
1.8296440117665167, 2.4152765679069548, 1.8, 2.6, 0, 0
1.8264919545522371, 2.4273116763534084, 1.8, 2.6, 0, 0
1.819701634430027, 2.443938956727478, 1.8, 2.6, 0, 0
1.819701634430027, 2.443938956727478, 1.8, 2.6, 0, 0
1.8166543455896873, 2.455297364658325, 1.8, 2.6, 0, 0
1.81415154938332, 2.4654038829089098, 2.0, 3.8, 0, 0
1.81415154938332, 2.4654038829089098, 2.0, 3.8, 0, 0
1.8104898477137479, 2.4746659853097177, 2.0, 3.8, 0, 0
1.8029956565090526, 2.4988290314377926, 2.0, 3.8, 0, 0
1.8029956565090526, 2.4988290314377926, 2.0, 3.8, 0, 0
1.794789844400708, 2.5540611312316854, 2.0, 3.8, 0, 0
1.7859200048020192, 2.612525578081831, 2.0, 3.8, 0, 0
1.7859200048020192, 2.612525578081831, 2.0, 3.8, 0, 0
1.7797777295856831, 2.6537563488139773, 2.0, 3.8, 0, 0
1.7780566105135645, 2.6819364384011233, 2.0, 3.8, 0, 0
1.7780566105135645, 2.6819364384011233, 2.0, 3.8, 0, 0
1.7771398537777012, 2.714633994228543, 2.0, 3.8, 0, 0
1.776320056575178, 2.759141291748689, 2.0, 3.8, 0, 0
1.776320056575178, 2.759141291748689, 2.0, 3.8, 0, 0
1.776438977987202, 2.804998888258948, 2.0, 3.8, 0, 0
1.776438977987202, 2.804998888258948, 2.0, 3.8, 0, 0
1.775943557102679, 2.8416297094092746, 2.0, 3.8, 0, 0
1.776962334287997, 2.8733882719247075, 2.0, 3.8, 0, 0
1.776962334287997, 2.8733882719247075, 2.0, 3.8, 0, 0
1.7780142056683268, 2.9083062338726684, 2.0, 3.8, 0, 0
1.7794638896891488, 2.9461869217787737, 2.0, 3.8, 0, 0
1.7794638896891488, 2.9461869217787737, 2.0, 3.8, 0, 0
1.7823284481718105, 2.9823710454340375, 2.0, 3.8, 0, 0
1.7853453199854468, 3.031802768896406, 2.0, 3.8, 0, 0
1.7853453199854468, 3.031802768896406, 2.0, 3.8, 0, 0
1.7869689939553217, 3.063585823860326, 2.0, 3.8, 0, 0
1.7902612531100375, 3.095421065804721, 2.0, 3.8, 0, 0
1.7941966987425888, 3.1269475827019817, 2.0, 3.8, 0, 0
1.7941966987425888, 3.1269475827019817, 2.0, 3.8, 0, 0
1.797645263814436, 3.1568741160619487, 2.0, 3.8, 0, 0
1.797645263814436, 3.1568741160619487, 2.0, 3.8, 0, 0
1.8008900919710398, 3.185948950373327, 2.0, 3.8, 0, 0
1.8030478183954886, 3.2142596447603826, 2.0, 3.8, 0, 0
1.805925750200236, 3.242531554998766, 2.0, 3.8, 0, 0
1.805925750200236, 3.242531554998766, 2.0, 3.8, 0, 0
1.8118185539206362, 3.281390960093451, 2.0, 3.8, 0, 0
1.8118185539206362, 3.281390960093451, 2.0, 3.8, 0, 0
1.815992015579086, 3.3048915285500957, 2.0, 3.8, 0, 0
1.8210549264210965, 3.328525813684321, 2.0, 3.8, 0, 0
1.824488036226938, 3.35282811721837, 2.0, 3.8, 0, 0
1.824488036226938, 3.35282811721837, 2.0, 3.8, 0, 0
1.8291451665260174, 3.376546319877454, 2.0, 3.8, 0, 0
1.8336130615314177, 3.399364972647079, 2.0, 3.8, 0, 0
1.8336130615314177, 3.399364972647079, 2.0, 3.8, 0, 0
1.837953689129157, 3.4204313974044447, 2.0, 3.8, 0, 0
1.8417165749160214, 3.4410803124014855, 2.0, 3.8, 0, 0
1.8451739377392524, 3.460627249304963, 2.0, 3.8, 0, 0
1.8451739377392524, 3.460627249304963, 2.0, 3.8, 0, 0
1.8513295754910177, 3.4806282923744893, 2.0, 3.8, 0, 0
1.8584367401913386, 3.5001444679712224, 2.0, 3.8, 0, 0
1.8584367401913386, 3.5001444679712224, 2.0, 3.8, 0, 0
1.8507308441689612, 3.5265024585337126, 2.0, 3.8, 0, 0
1.8452201099356806, 3.5225920866575158, 2.0, 3.8, 0, 0
1.8452201099356806, 3.5225920866575158, 2.0, 3.8, 0, 0
1.8397918081844058, 3.535945683180442, 2.0, 3.8, 0, 0
1.8397918081844058, 3.535945683180442, 2.0, 3.8, 0, 0
1.8331626893503854, 3.551992778976393, 2.0, 3.8, 0, 0
1.8322107072927283, 3.558788787375586, 2.0, 3.8, 0, 0
1.8322107072927283, 3.558788787375586, 2.0, 3.8, 0, 0
1.8182028346752832, 3.5518853168908637, 2.0, 3.8, 0, 0
1.8182028346752832, 3.5518853168908637, 2.0, 3.8, 0, 0
1.8102169692579066, 3.551494352013227, 2.0, 3.8, 0, 0
1.7879927517436165, 3.5701024431533073, 2.0, 3.8, 0, 0
1.7901493949715024, 3.588824680999986, 2.0, 3.8, 0, 0
1.7901493949715024, 3.588824680999986, 2.0, 3.8, 0, 0
1.8214956981643668, 3.5850080756836067, 2.0, 3.8, 0, 0
1.8214956981643668, 3.5850080756836067, 2.0, 3.8, 0, 0
1.8566905545726757, 3.5841320720314953, 2.0, 3.8, 0, 0
1.8566905545726757, 3.5841320720314953, 2.0, 3.8, 0, 0
1.8727635318975118, 3.5858349519201878, 2.0, 3.8, 0, 0
1.8877179713163936, 3.5889668429890134, 2.0, 3.8, 0, 0
1.8877179713163936, 3.5889668429890134, 2.0, 3.8, 0, 0
1.9025549537428759, 3.5966858359593594, 2.0, 3.8, 0, 0
1.913868047885874, 3.606943925494534, 2.0, 3.8, 0, 0
1.913868047885874, 3.606943925494534, 2.0, 3.8, 0, 0
1.9198256542692538, 3.616406558647136, 2.0, 3.8, 0, 0
1.9323174157713496, 3.625926784199861, 2.0, 3.8, 0, 0
1.9323174157713496, 3.625926784199861, 2.0, 3.8, 0, 0
1.9417077293876872, 3.6351716535979013, 2.0, 3.8, 0, 0
1.9445159271654615, 3.644110335001828, 2.0, 3.8, 0, 0
1.9445159271654615, 3.644110335001828, 2.0, 3.8, 0, 0
1.950367403200951, 3.633146178481325, 2.0, 3.8, 0, 0
1.950367403200951, 3.633146178481325, 2.0, 3.8, 0, 0
1.9572835253611132, 3.638811595876867, 2.0, 3.8, 0, 0
1.9623502131112762, 3.6577511833919725, 2.0, 3.8, 0, 0
1.9623502131112762, 3.6577511833919725, 1.6, 4.45, 0, 0
1.9644903572228842, 3.6686252986746775, 1.6, 4.45, 0, 0
1.961836266106044, 3.6731144857217393, 1.6, 4.45, 0, 0
1.961836266106044, 3.6731144857217393, 1.6, 4.45, 0, 0
1.9479405844500448, 3.6722470000935394, 1.6, 4.45, 0, 0
1.9304708463746223, 3.6671469950370588, 1.6, 4.45, 0, 0
1.9304708463746223, 3.6671469950370588, 1.6, 4.45, 0, 0
1.9075881339384866, 3.6570899839718805, 1.6, 4.45, 0, 0
1.892301881697578, 3.642350944232897, 1.6, 4.45, 0, 0
1.8621854005072644, 3.6233598921105554, 1.6, 4.45, 0, 0
1.8621854005072644, 3.6233598921105554, 1.6, 4.45, 0, 0
1.8266585115189773, 3.612160559147656, 1.6, 4.45, 0, 0
1.8206367454266834, 3.5897800669026294, 1.6, 4.45, 0, 0
1.831929890778909, 3.566638758209007, 1.6, 4.45, 0, 0
1.831929890778909, 3.566638758209007, 1.6, 4.45, 0, 0
1.8396308799169787, 3.557129559173582, 1.6, 4.45, 0, 0
1.8396308799169787, 3.557129559173582, 1.6, 4.45, 0, 0
1.8201440429569273, 3.555754646342755, 1.6, 4.45, 0, 0
1.809900456719994, 3.5470014331609283, 1.6, 4.45, 0, 0
1.809900456719994, 3.5470014331609283, 1.6, 4.45, 0, 0
1.818271936534848, 3.544389149541277, 1.6, 4.45, 0, 0
1.79101692162267, 3.5622751066623524, 1.6, 4.45, 0, 0
1.79101692162267, 3.5622751066623524, 1.6, 4.45, 0, 0
1.742960062534858, 3.5875661484482144, 1.6, 4.45, 0, 0
1.6818466085104866, 3.599477241479966, 1.6, 4.45, 0, 0
1.6818466085104866, 3.599477241479966, 1.6, 4.45, 0, 0
1.6538301178758572, 3.5986437233219606, 1.6, 4.45, 0, 0
1.624090092508314, 3.600821770873755, 1.6, 4.45, 0, 0
1.624090092508314, 3.600821770873755, 1.6, 4.45, 0, 0
1.5804301972434427, 3.608845887364714, 1.6, 4.45, 0, 0
1.5459378523469391, 3.612030890275331, 1.6, 4.45, 0, 0
1.5459378523469391, 3.612030890275331, 1.6, 4.45, 0, 0
1.500357054334572, 3.6248625251109936, 1.6, 4.45, 0, 0
1.500357054334572, 3.6248625251109936, 1.6, 4.45, 0, 0
1.4506939977906974, 3.6465027957821268, 1.6, 4.45, 0, 0
1.4258121730323343, 3.662109066851608, 1.6, 4.45, 0, 0
1.4258121730323343, 3.662109066851608, 1.6, 4.45, 0, 0
1.414582749549796, 3.6772134022639924, 1.6, 4.45, 0, 0
1.414582749549796, 3.6772134022639924, 1.6, 4.45, 0, 0
1.407329582126319, 3.687017144525344, 1.6, 4.45, 0, 0
1.3699120735616788, 3.7269409037773875, 1.6, 4.45, 0, 0
1.3699120735616788, 3.7269409037773875, 1.6, 4.45, 0, 0
1.3381949150204668, 3.7615641149813124, 1.6, 4.45, 0, 0
1.2981228110470218, 3.803082497453916, 1.6, 4.45, 0, 0
1.2981228110470218, 3.803082497453916, 1.6, 4.45, 0, 0
1.2725328184128586, 3.835272184886128, 1.6, 4.45, 0, 0
1.2725328184128586, 3.835272184886128, 1.6, 4.45, 0, 0
1.2626087433591788, 3.873804105865089, 1.6, 4.45, 0, 0
1.2491010843281494, 3.9242090098675915, 1.6, 4.45, 0, 0
1.2491010843281494, 3.9242090098675915, 1.6, 4.45, 0, 0
1.2337636642538605, 3.9697355356022084, 1.6, 4.45, 0, 0
1.2337636642538605, 3.9697355356022084, 1.6, 4.45, 0, 0
1.2176037640521156, 4.004908485797915, 1.6, 4.45, 0, 0
1.2111377266887202, 4.057144390698809, 1.6, 4.45, 0, 0
1.2111377266887202, 4.057144390698809, 1.6, 4.45, 0, 0
1.219410594482155, 4.150233036937071, 1.6, 4.45, 0, 0
1.2296115006733084, 4.211852219119889, 1.6, 4.45, 0, 0
1.2296115006733084, 4.211852219119889, 1.6, 4.45, 0, 0
1.2378636406865655, 4.268061668371786, 1.6, 4.45, 0, 0
1.2388763023188398, 4.3140939887175875, 1.6, 4.45, 0, 0
1.2388763023188398, 4.3140939887175875, 1.6, 4.45, 0, 0
1.2417199590928805, 4.362173345162443, 1.6, 4.45, 0, 0
1.239201454999483, 4.400700935758424, 1.6, 4.45, 0, 0
1.239201454999483, 4.400700935758424, 1.6, 4.45, 0, 0
1.2303903533702705, 4.433229616765801, 1.6, 4.45, 0, 0
1.2303903533702705, 4.433229616765801, 1.6, 4.45, 0, 0
1.2191603944093723, 4.459934421983899, 1.6, 4.45, 0, 0
1.2070566022694353, 4.481551082591707, 1.6, 4.45, 0, 0
1.2070566022694353, 4.481551082591707, 1.6, 4.45, 0, 0
1.19930124248789, 4.500817927031283, 1.6, 4.45, 0, 0
1.1902950172032083, 4.518081889673781, 1.6, 4.45, 0, 0
1.1902950172032083, 4.518081889673781, 1.6, 4.45, 0, 0
1.183289735240326, 4.537245859111779, 1.6, 4.45, 0, 0
1.1772386271579962, 4.563384357365809, 1.6, 4.45, 0, 0
